Jobs  Molds Class   Inst  LB        GA             Time_GA        Gap_GA             
======================================================================================
50    2     2       1     252       0.0010    258            5.8908    2.38%          
50    2     2       2     291       0.0000    316            7.7124    8.59%          
50    2     2       3     261       0.0000    276            13.8351   5.75%          
50    2     2       4     299       0.0000    317            13.7915   6.02%          
50    2     2       5     263       0.0000    274            10.2948   4.18%          
50    2     2       6     273       0.0000    273            6.3231    0.00%          
50    2     2       7     249       0.0000    268            7.0916    7.63%          
50    2     2       8     241       0.0001    275            7.1519    14.11%         
50    2     2       9     261       0.0000    305            5.9854    16.86%         
50    2     2       10    267       0.0000    305            5.4586    14.23%         
50    2     3       1     632       0.0000    772            5.5294    22.15%         
50    2     3       2     649       0.0000    740            5.6068    14.02%         
50    2     3       3     500       0.0000    552            5.9946    10.40%         
50    2     3       4     715       0.8070    979            5.9282    36.92%         
50    2     3       5     555       0.0000    717            5.9956    29.19%         
50    2     3       6     748       0.0000    942            5.9264    25.94%         
50    2     3       7     571       0.0000    619            5.9338    8.41%          
50    2     3       8     609       0.0000    612            6.4956    0.49%          
50    2     3       9     616       0.0000    743            6.1517    20.62%         
50    2     3       10    695       0.0000    788            6.8998    13.38%         
50    2     4       1     149       0.0000    162            6.8010    8.72%          
50    2     4       2     151       0.0000    192            6.6411    27.15%         
50    2     4       3     150       0.0000    163            6.6741    8.67%          
50    2     4       4     145       0.0000    159            6.3720    9.66%          
50    2     4       5     151       0.0000    184            6.8541    21.85%         
50    2     4       6     144       0.0000    144            6.2288    0.00%          
50    2     4       7     150       0.0000    151            6.3624    0.67%          
50    2     4       8     161       0.0000    176            5.9691    9.32%          
50    2     4       9     138       0.0002    139            6.5553    0.72%          
50    2     4       10    146       0.6320    152            6.1216    4.11%          
50    2     5       1     277       0.7500    330            6.2254    19.13%         
50    2     5       2     281       0.0030    287            5.9712    2.14%          
50    2     5       3     288       0.0020    332            6.0136    15.28%         
50    2     5       4     278       0.0010    292            6.9321    5.04%          
50    2     5       5     267       0.0010    282            6.1932    5.62%          
50    2     5       6     284       0.0001    309            5.9656    8.80%          
50    2     5       7     280       0.0010    281            5.9718    0.36%          
50    2     5       8     273       0.0010    288            6.1075    5.49%          
50    2     5       9     267       0.6050    281            5.6990    5.24%          
50    2     5       10    279       0.0010    298            6.0639    6.81%          
50    2     6       1     661       0.4790    740            6.0368    11.95%         
50    2     6       2     646       0.0020    690            5.3691    6.81%          
50    2     6       3     666       0.4800    673            5.4928    1.05%          
50    2     6       4     633       0.0030    718            6.1236    13.43%         
50    2     6       5     639       0.0010    708            6.2939    10.80%         
50    2     6       6     656       0.0000    689            6.2863    5.03%          
50    2     6       7     645       0.0000    661            6.0850    2.48%          
50    2     6       8     635       0.0000    822            7.3632    29.45%         
50    2     6       9     648       0.0000    660            6.7217    1.85%          
50    2     6       10    641       0.0010    714            6.2075    11.39%         
50    5     1       1     142       0.0000    143            5.4970    0.70%          
50    5     1       2     137       0.0010    145            5.6430    5.84%          
50    5     1       3     148       0.0000    150            5.6578    1.35%          
50    5     1       4     129       0.0000    130            5.8371    0.78%          
50    5     1       5     148       0.0000    152            5.4808    2.70%          
50    5     1       6     138       0.0000    141            5.7076    2.17%          
50    5     1       7     131       0.0000    133            6.1175    1.53%          
50    5     1       8     139       0.0010    141            6.2561    1.44%          
50    5     1       9     121       0.0010    136            5.7294    12.40%         
50    5     1       10    134       0.0010    134            6.1327    0.00%          
50    5     2       1     256       0.0000    270            5.7315    5.47%          
50    5     2       2     244       0.0000    261            6.1714    6.97%          
50    5     2       3     251       0.0000    253            6.3160    0.80%          
50    5     2       4     289       0.0000    294            5.7634    1.73%          
50    5     2       5     254       0.0010    268            5.9391    5.51%          
50    5     2       6     231       0.0000    233            5.8169    0.87%          
50    5     2       7     278       0.0000    285            5.4919    2.52%          
50    5     2       8     261       0.0000    267            5.4694    2.30%          
50    5     2       9     279       0.0000    281            5.8860    0.72%          
50    5     2       10    302       0.0010    307            5.5913    1.66%          
50    5     3       1     697       0.0010    734            5.5096    5.31%          
50    5     3       2     633       0.0010    688            5.8417    8.69%          
50    5     3       3     612       0.0000    660            6.1233    7.84%          
50    5     3       4     724       0.4800    784            5.6126    8.29%          
50    5     3       5     656       0.0020    664            5.6058    1.22%          
50    5     3       6     592       0.5090    604            5.5527    2.03%          
50    5     3       7     658       0.0010    680            6.0037    3.34%          
50    5     3       8     572       0.0010    584            6.1053    2.10%          
50    5     3       9     627       0.4460    671            5.6046    7.02%          
50    5     3       10    635       0.0010    647            5.3697    1.89%          
50    5     4       1     144       0.0000    146            5.1835    1.39%          
50    5     4       2     147       0.0000    150            5.1494    2.04%          
50    5     4       3     152       0.0000    155            5.0231    1.97%          
50    5     4       4     144       0.0000    150            5.1328    4.17%          
50    5     4       5     151       0.0010    153            5.4512    1.32%          
50    5     4       6     141       0.0000    143            5.2782    1.42%          
50    5     4       7     152       0.0000    152            5.0281    0.00%          
50    5     4       8     155       0.0000    163            5.2696    5.16%          
50    5     4       9     158       0.0000    161            5.4630    1.90%          
50    5     4       10    148       0.0001    149            5.5759    0.68%          
50    5     5       1     260       0.0000    263            5.2838    1.15%          
50    5     5       2     273       0.0010    276            5.8416    1.10%          
50    5     5       3     277       0.0000    283            6.1999    2.17%          
50    5     5       4     264       0.0000    265            6.0374    0.38%          
50    5     5       5     283       0.0000    286            5.5310    1.06%          
50    5     5       6     267       0.0000    278            5.4908    4.12%          
50    5     5       7     268       0.0000    269            5.7689    0.37%          
50    5     5       8     267       0.0000    271            5.4553    1.50%          
50    5     5       9     281       0.0010    283            5.6072    0.71%          
50    5     5       10    282       0.0010    284            5.4711    0.71%          
50    5     6       1     637       0.0000    641            5.6884    0.63%          
50    5     6       2     641       0.0000    644            5.4103    0.47%          
50    5     6       3     637       0.0000    661            5.8392    3.77%          
50    5     6       4     634       0.0000    641            6.2599    1.10%          
50    5     6       5     636       0.4850    643            6.2866    1.10%          
50    5     6       6     658       0.0020    692            6.2146    5.17%          
50    5     6       7     667       0.0010    671            6.4735    0.60%          
50    5     6       8     637       0.5060    640            6.7047    0.47%          
50    5     6       9     682       0.0020    685            8.3353    0.44%          
50    5     6       10    659       0.5290    662            12.9974   0.46%          
50    10    1       1     139       0.0020    141            12.6396   1.44%          
50    10    1       2     151       0.0020    158            11.9363   4.64%          
50    10    1       3     116       0.0020    118            12.0271   1.72%          
50    10    1       4     142       0.0000    142            12.1918   0.00%          
50    10    1       5     139       0.0000    141            12.3091   1.44%          
50    10    1       6     126       0.0000    127            12.1787   0.79%          
50    10    1       7     127       0.0000    129            13.9466   1.57%          
50    10    1       8     150       0.0010    158            12.1242   5.33%          
50    10    1       9     144       0.0040    147            12.0005   2.08%          
50    10    1       10    140       0.0010    144            9.3054    2.86%          
50    10    2       1     296       0.5550    297            9.9967    0.34%          
50    10    2       2     244       0.0060    246            12.9474   0.82%          
50    10    2       3     261       0.0030    265            9.1264    1.53%          
50    10    2       4     268       0.0030    272            9.5731    1.49%          
50    10    2       5     271       0.0020    277            9.4070    2.21%          
50    10    2       6     308       0.0010    315            8.1639    2.27%          
50    10    2       7     270       0.0020    274            5.3597    1.48%          
50    10    2       8     271       0.0010    276            5.4701    1.85%          
50    10    2       9     278       0.0010    282            5.5054    1.44%          
50    10    2       10    256       0.0030    261            5.1731    1.95%          
50    10    3       1     563       0.0010    570            5.7002    1.24%          
50    10    3       2     748       0.0010    758            5.1771    1.34%          
50    10    3       3     732       0.5850    746            5.6661    1.91%          
50    10    3       4     717       0.0020    726            5.5859    1.26%          
50    10    3       5     631       0.0020    655            5.0124    3.80%          
50    10    3       6     603       0.0000    638            5.7187    5.80%          
50    10    3       7     673       0.0000    683            5.2994    1.49%          
50    10    3       8     651       0.0000    665            5.5076    2.15%          
50    10    3       9     606       0.4890    626            5.9805    3.30%          
50    10    3       10    679       0.0020    688            5.7544    1.33%          
50    10    4       1     159       0.0010    161            5.9711    1.26%          
50    10    4       2     150       0.0010    152            5.0682    1.33%          
50    10    4       3     146       0.0000    148            4.9950    1.37%          
50    10    4       4     152       0.0000    160            5.5287    5.26%          
50    10    4       5     153       0.0000    155            5.7917    1.31%          
50    10    4       6     148       0.0000    150            11.6865   1.35%          
50    10    4       7     149       0.0000    149            13.6145   0.00%          
50    10    4       8     146       0.0000    152            12.0294   4.11%          
50    10    4       9     144       0.0000    145            9.7465    0.69%          
50    10    4       10    150       0.0010    151            10.1336   0.67%          
50    10    5       1     279       0.0000    281            9.9401    0.72%          
50    10    5       2     268       0.0000    271            9.7515    1.12%          
50    10    5       3     284       0.4620    288            9.9877    1.41%          
50    10    5       4     270       0.0010    273            9.5150    1.11%          
50    10    5       5     281       0.5400    286            10.1810   1.78%          
50    10    5       6     279       0.0020    281            10.7244   0.72%          
50    10    5       7     274       0.0010    277            9.3286    1.09%          
50    10    5       8     269       0.0010    271            9.6790    0.74%          
50    10    5       9     275       0.0010    279            9.7208    1.45%          
50    10    5       10    289       0.0001    289            9.9047    0.00%          
50    10    6       1     654       0.0000    657            9.5942    0.46%          
50    10    6       2     652       0.5140    657            9.5671    0.77%          
50    10    6       3     634       0.0020    639            10.3071   0.79%          
50    10    6       4     643       0.0010    644            9.6799    0.16%          
50    10    6       5     649       0.0000    650            10.4483   0.15%          
50    10    6       6     652       0.0000    658            10.7021   0.92%          
50    10    6       7     649       0.0000    651            9.6245    0.31%          
50    10    6       8     656       0.0000    660            9.2696    0.61%          
50    10    6       9     660       0.0000    661            9.9215    0.15%          
50    10    6       10    649       0.0000    653            9.1784    0.62%          
50    15    1       1     122       0.0000    125            9.0547    2.46%          
50    15    1       2     140       0.0010    142            9.0585    1.43%          
50    15    1       3     151       0.0000    155            9.6601    2.65%          
50    15    1       4     145       0.0000    148            9.0798    2.07%          
50    15    1       5     137       0.0000    140            9.2508    2.19%          
50    15    1       6     143       0.0000    144            9.5566    0.70%          
50    15    1       7     136       0.0000    139            9.6160    2.21%          
50    15    1       8     125       0.0000    126            10.1203   0.80%          
50    15    1       9     139       0.0000    141            6.8507    1.44%          
50    15    1       10    127       0.0000    128            5.3331    0.79%          
50    15    2       1     283       0.0000    285            5.1298    0.71%          
50    15    2       2     225       0.0000    227            6.3656    0.89%          
50    15    2       3     280       0.0000    285            5.3089    1.79%          
50    15    2       4     278       0.0000    279            6.1842    0.36%          
50    15    2       5     285       0.0010    290            4.4695    1.75%          
50    15    2       6     288       0.0000    294            4.3977    2.08%          
50    15    2       7     229       0.0000    229            4.8572    0.00%          
50    15    2       8     254       0.0000    258            2.5919    1.57%          
50    15    2       9     289       0.0000    293            2.4720    1.38%          
50    15    2       10    279       0.0000    286            2.5437    2.51%          
50    15    3       1     618       0.0000    631            2.5695    2.10%          
50    15    3       2     585       0.0000    593            2.4540    1.37%          
50    15    3       3     602       0.0000    615            2.5337    2.16%          
50    15    3       4     710       0.0000    723            2.5653    1.83%          
50    15    3       5     682       0.0000    695            2.8631    1.91%          
50    15    3       6     672       0.0000    681            2.5117    1.34%          
50    15    3       7     619       0.0000    623            2.5007    0.65%          
50    15    3       8     591       0.0000    599            2.5601    1.35%          
50    15    3       9     523       0.0000    530            2.4565    1.34%          
50    15    3       10    598       0.0010    612            2.4300    2.34%          
50    15    4       1     153       0.0010    155            2.5987    1.31%          
50    15    4       2     150       0.0010    152            2.4800    1.33%          
50    15    4       3     142       0.0000    144            2.4567    1.41%          
50    15    4       4     149       0.0000    151            2.4413    1.34%          
50    15    4       5     160       0.0000    162            2.4366    1.25%          
50    15    4       6     145       0.0000    147            2.4839    1.38%          
50    15    4       7     153       0.0000    154            2.4914    0.65%          
50    15    4       8     146       0.0000    146            2.4671    0.00%          
50    15    4       9     149       0.0000    149            2.4695    0.00%          
50    15    4       10    154       0.0000    156            2.4580    1.30%          
50    15    5       1     276       0.0000    279            2.4635    1.09%          
50    15    5       2     276       0.0000    278            2.4899    0.72%          
50    15    5       3     279       0.0000    281            2.4788    0.72%          
50    15    5       4     292       0.0010    295            2.4584    1.03%          
50    15    5       5     287       0.0010    287            2.4737    0.00%          
50    15    5       6     277       0.0000    279            2.4595    0.72%          
50    15    5       7     290       0.0000    293            2.5141    1.03%          
50    15    5       8     273       0.0000    275            2.4504    0.73%          
50    15    5       9     271       0.5110    284            2.4482    4.80%          
50    15    5       10    271       0.0020    274            2.4271    1.11%          
50    15    6       1     641       0.0010    646            2.5308    0.78%          
50    15    6       2     678       0.0010    681            2.4847    0.44%          
50    15    6       3     627       0.4420    630            2.4680    0.48%          
50    15    6       4     638       0.4510    643            2.4736    0.78%          
50    15    6       5     638       0.4920    646            2.4743    1.25%          
50    15    6       6     653       0.0020    657            2.4890    0.61%          
50    15    6       7     659       0.0020    659            2.5264    0.00%          
50    15    6       8     665       0.0010    671            2.4785    0.90%          
50    15    6       9     656       0.0000    658            2.4659    0.30%          
50    15    6       10    646       0.5010    654            2.5077    1.24%          
50    20    1       1     118       0.0020    119            2.4242    0.85%          
50    20    1       2     125       0.0020    127            2.4615    1.60%          
50    20    1       3     155       0.0020    155            2.5513    0.00%          
50    20    1       4     136       0.0010    139            2.5139    2.21%          
50    20    1       5     120       0.0000    121            2.4737    0.83%          
50    20    1       6     142       0.0000    153            2.4405    7.75%          
50    20    1       7     133       0.0000    133            2.5021    0.00%          
50    20    1       8     149       0.0000    149            2.9602    0.00%          
50    20    1       9     143       0.0000    144            2.4754    0.70%          
50    20    1       10    138       0.0010    140            2.4602    1.45%          
50    20    2       1     256       0.0010    271            2.4636    5.86%          
50    20    2       2     217       0.0000    217            2.6936    0.00%          
50    20    2       3     227       0.0000    233            2.4447    2.64%          
50    20    2       4     232       0.0000    237            2.4407    2.16%          
50    20    2       5     229       0.0000    229            3.0914    0.00%          
50    20    2       6     283       0.0000    288            2.4650    1.77%          
50    20    2       7     250       0.0000    254            2.4433    1.60%          
50    20    2       8     263       0.0000    278            2.4406    5.70%          
50    20    2       9     288       0.0000    293            2.4553    1.74%          
50    20    2       10    258       0.0000    264            2.4527    2.33%          
50    20    3       1     640       0.4720    657            2.4789    2.66%          
50    20    3       2     642       0.4530    656            2.4886    2.18%          
50    20    3       3     630       0.0020    646            2.4899    2.54%          
50    20    3       4     617       0.0010    628            2.4727    1.78%          
50    20    3       5     691       0.0001    704            2.4780    1.88%          
50    20    3       6     703       0.4610    718            2.4897    2.13%          
50    20    3       7     622       0.0010    633            2.4964    1.77%          
50    20    3       8     623       0.0010    623            2.9249    0.00%          
50    20    3       9     745       0.4260    755            2.4979    1.34%          
50    20    3       10    706       0.0030    716            2.5980    1.42%          
50    20    4       1     148       0.0000    150            2.5029    1.35%          
50    20    4       2     154       0.0000    154            2.6257    0.00%          
50    20    4       3     149       0.0000    150            2.5157    0.67%          
50    20    4       4     145       0.0000    147            2.4663    1.38%          
50    20    4       5     151       0.0000    154            2.4365    1.99%          
50    20    4       6     146       0.0000    147            2.5142    0.68%          
50    20    4       7     152       0.0000    154            2.6339    1.32%          
50    20    4       8     150       0.0000    152            2.5690    1.33%          
50    20    4       9     147       0.0000    147            3.0148    0.00%          
50    20    4       10    154       0.0000    155            6.4593    0.65%          
50    20    5       1     270       0.0000    274            6.5446    1.48%          
50    20    5       2     286       0.0000    288            6.4443    0.70%          
50    20    5       3     271       0.0000    271            6.5968    0.00%          
50    20    5       4     278       0.0020    280            6.5165    0.72%          
50    20    5       5     277       0.0010    282            6.3758    1.81%          
50    20    5       6     267       0.0000    270            6.2726    1.12%          
50    20    5       7     277       0.0000    280            6.2131    1.08%          
50    20    5       8     272       0.4860    277            6.2645    1.84%          
50    20    5       9     272       0.0020    274            6.2957    0.74%          
50    20    5       10    275       0.0010    277            6.4983    0.73%          
50    20    6       1     655       0.0010    658            6.6660    0.46%          
50    20    6       2     639       0.0010    642            6.4639    0.47%          
50    20    6       3     661       0.0000    664            6.5088    0.45%          
50    20    6       4     649       0.0000    653            6.5881    0.62%          
50    20    6       5     658       0.5070    685            6.3578    4.10%          
50    20    6       6     640       0.0020    644            6.6996    0.62%          
50    20    6       7     644       0.5240    649            6.7644    0.78%          
50    20    6       8     656       0.0030    663            6.6732    1.07%          
50    20    6       9     646       0.0010    646            8.6684    0.00%          
50    20    6       10    660       0.0000    665            6.7991    0.76%          
100   2     1       1     270       0.0000    290            14.9142   7.41%          
100   2     1       2     260       0.0010    264            14.4876   1.54%          
100   2     1       3     271       0.0001    288            14.5670   6.27%          
100   2     1       4     277       0.0000    307            14.6704   10.83%         
100   2     1       5     282       0.0000    291            13.8642   3.19%          
100   2     1       6     270       0.0000    283            14.5457   4.81%          
100   2     1       7     287       0.0000    289            14.5890   0.70%          
100   2     1       8     297       0.0000    330            14.5145   11.11%         
100   2     1       9     255       0.0000    301            15.0371   18.04%         
100   2     1       10    293       0.0020    315            14.6004   7.51%          
100   2     2       1     505       0.0000    518            14.4230   2.57%          
100   2     2       2     562       0.0001    651            14.7677   15.84%         
100   2     2       3     544       0.0000    553            16.4911   1.65%          
100   2     2       4     510       0.0000    572            12.5408   12.16%         
100   2     2       5     528       0.0000    565            5.5649    7.01%          
100   2     2       6     528       0.0000    603            5.6954    14.20%         
100   2     2       7     495       0.0010    508            5.4891    2.63%          
100   2     2       8     579       0.0010    585            5.4942    1.04%          
100   2     2       9     480       0.0010    507            5.5182    5.62%          
100   2     2       10    528       0.0010    600            5.6076    13.64%         
100   2     3       1     1207      0.0001    1267           5.6285    4.97%          
100   2     3       2     1260      0.0001    1476           5.5745    17.14%         
100   2     3       3     1278      0.0000    1330           5.7580    4.07%          
100   2     3       4     1138      0.0000    1152           9.4706    1.23%          
100   2     3       5     1218      0.0000    1392           14.4270   14.29%         
100   2     3       6     1270      0.0000    1322           14.3687   4.09%          
100   2     3       7     1259      0.0000    1284           14.6505   1.99%          
100   2     3       8     1311      0.0000    1521           14.3440   16.02%         
100   2     3       9     1192      0.0000    1270           15.0637   6.54%          
100   2     3       10    1307      0.0000    1547           14.5631   18.36%         
100   2     4       1     291       0.0000    300            14.4385   3.09%          
100   2     4       2     323       0.0010    343            14.4269   6.19%          
100   2     4       3     300       0.0000    307            14.6709   2.33%          
100   2     4       4     297       0.0000    315            14.3994   6.06%          
100   2     4       5     297       0.0000    317            14.6400   6.73%          
100   2     4       6     291       0.0000    321            12.5727   10.31%         
100   2     4       7     302       0.0000    322            5.5311    6.62%          
100   2     4       8     295       0.0000    303            5.5382    2.71%          
100   2     4       9     308       0.0000    330            5.6084    7.14%          
100   2     4       10    299       0.0000    373            5.6885    24.75%         
100   2     5       1     534       0.0000    557            12.6957   4.31%          
100   2     5       2     537       0.0000    558            13.4763   3.91%          
100   2     5       3     554       0.0000    614            13.8210   10.83%         
100   2     5       4     538       0.0000    567            14.6785   5.39%          
100   2     5       5     540       0.0010    586            14.4088   8.52%          
100   2     5       6     564       0.5070    588            14.9233   4.26%          
100   2     5       7     560       0.0010    596            14.6945   6.43%          
100   2     5       8     528       0.0000    577            14.2472   9.28%          
100   2     5       9     551       0.0010    631            14.2569   14.52%         
100   2     5       10    528       0.0010    640            14.1368   21.21%         
100   2     6       1     1330      0.5010    1495           13.8032   12.41%         
100   2     6       2     1286      0.5780    1341           13.8991   4.28%          
100   2     6       3     1291      0.0020    1305           13.7516   1.08%          
100   2     6       4     1310      0.0001    1397           14.5638   6.64%          
100   2     6       5     1309      0.5130    1348           14.0356   2.98%          
100   2     6       6     1310      0.0030    1432           14.1916   9.31%          
100   2     6       7     1320      0.0010    1367           13.7296   3.56%          
100   2     6       8     1284      0.0000    1301           13.8979   1.32%          
100   2     6       9     1309      0.0001    1494           14.2070   14.13%         
100   2     6       10    1307      0.0000    1492           14.8614   14.15%         
100   5     1       1     266       0.0000    267            12.7317   0.38%          
100   5     1       2     262       0.0000    264            12.5007   0.76%          
100   5     1       3     258       0.0000    260            9.4267    0.78%          
100   5     1       4     272       0.0010    273            5.0138    0.37%          
100   5     1       5     279       0.0000    281            5.0241    0.72%          
100   5     1       6     286       0.0000    289            5.1240    1.05%          
100   5     1       7     275       0.0000    276            5.0787    0.36%          
100   5     1       8     252       0.0000    254            5.0738    0.79%          
100   5     1       9     299       0.0000    302            5.9056    1.00%          
100   5     1       10    257       0.0000    259            13.1547   0.78%          
100   5     2       1     567       0.0000    573            12.6799   1.06%          
100   5     2       2     561       0.0000    564            12.8438   0.53%          
100   5     2       3     483       0.0000    496            12.8283   2.69%          
100   5     2       4     529       0.0000    536            12.4189   1.32%          
100   5     2       5     535       0.0000    561            12.7857   4.86%          
100   5     2       6     442       0.0000    446            13.0093   0.90%          
100   5     2       7     518       0.0000    523            9.1247    0.97%          
100   5     2       8     533       0.0010    536            5.1417    0.56%          
100   5     2       9     537       0.0010    559            5.0688    4.10%          
100   5     2       10    508       0.0010    509            5.0756    0.20%          
100   5     3       1     1314      0.0000    1327           5.1367    0.99%          
100   5     3       2     1219      0.0000    1223           5.1102    0.33%          
100   5     3       3     1279      0.0000    1314           5.2092    2.74%          
100   5     3       4     1284      0.0000    1291           6.9422    0.55%          
100   5     3       5     1389      0.0000    1400           13.4898   0.79%          
100   5     3       6     1280      0.0000    1299           13.2073   1.48%          
100   5     3       7     1247      0.0000    1254           13.3360   0.56%          
100   5     3       8     1291      0.0000    1303           13.9182   0.93%          
100   5     3       9     1279      0.0000    1293           13.2680   1.09%          
100   5     3       10    1264      0.0000    1307           13.1648   3.40%          
100   5     4       1     302       0.0010    310            13.2555   2.65%          
100   5     4       2     297       0.0020    297            13.2359   0.00%          
100   5     4       3     290       0.0010    291            13.2403   0.34%          
100   5     4       4     304       0.0000    306            13.2238   0.66%          
100   5     4       5     292       0.0000    293            12.9391   0.34%          
100   5     4       6     301       0.0000    303            12.8036   0.66%          
100   5     4       7     290       0.0000    292            13.2311   0.69%          
100   5     4       8     302       0.0000    305            13.1998   0.99%          
100   5     4       9     308       0.0000    310            13.0378   0.65%          
100   5     4       10    304       0.0000    307            13.1493   0.99%          
100   5     5       1     536       0.0000    537            13.2131   0.19%          
100   5     5       2     560       0.0000    562            13.2068   0.36%          
100   5     5       3     540       0.5100    540            13.0674   0.00%          
100   5     5       4     540       0.0010    544            13.3148   0.74%          
100   5     5       5     558       0.0010    562            13.6381   0.72%          
100   5     5       6     538       0.0010    543            13.5486   0.93%          
100   5     5       7     570       0.0001    577            13.2161   1.23%          
100   5     5       8     559       0.0000    561            13.3010   0.36%          
100   5     5       9     550       0.0000    554            13.4610   0.73%          
100   5     5       10    550       0.0000    554            12.8686   0.73%          
100   5     6       1     1310      0.0000    1316           12.7970   0.46%          
100   5     6       2     1308      0.0000    1312           13.1096   0.31%          
100   5     6       3     1276      0.0000    1311           12.8606   2.74%          
100   5     6       4     1284      0.0000    1290           12.8214   0.47%          
100   5     6       5     1298      0.0000    1323           12.7396   1.93%          
100   5     6       6     1315      0.0000    1318           12.8827   0.23%          
100   5     6       7     1339      0.0000    1342           12.9129   0.22%          
100   5     6       8     1281      0.0000    1313           13.1872   2.50%          
100   5     6       9     1293      0.0000    1294           10.0133   0.08%          
100   5     6       10    1298      0.0010    1302           5.0922    0.31%          
100   10    1       1     276       0.0001    278            4.9417    0.72%          
100   10    1       2     289       0.0000    297            4.9645    2.77%          
100   10    1       3     293       0.0000    295            5.0440    0.68%          
100   10    1       4     270       0.0000    273            4.9941    1.11%          
100   10    1       5     285       0.0000    288            5.1848    1.05%          
100   10    1       6     274       0.0000    276            11.9804   0.73%          
100   10    1       7     293       0.0000    296            12.8016   1.02%          
100   10    1       8     254       0.0000    255            13.8244   0.39%          
100   10    1       9     288       0.0000    291            13.8532   1.04%          
100   10    1       10    269       0.0000    272            13.1339   1.12%          
100   10    2       1     520       0.0000    527            13.1352   1.35%          
100   10    2       2     538       0.0000    542            13.1719   0.74%          
100   10    2       3     528       0.0010    533            13.2295   0.95%          
100   10    2       4     531       0.0010    540            12.9778   1.69%          
100   10    2       5     515       0.0010    519            13.2343   0.78%          
100   10    2       6     548       0.0010    552            13.5760   0.73%          
100   10    2       7     497       0.0000    500            13.0495   0.60%          
100   10    2       8     535       0.0000    541            12.7577   1.12%          
100   10    2       9     483       0.0000    490            13.3405   1.45%          
100   10    2       10    536       0.0000    542            12.9429   1.12%          
100   10    3       1     1216      0.0000    1225           13.1860   0.74%          
100   10    3       2     1301      0.0000    1336           13.2159   2.69%          
100   10    3       3     1268      0.0000    1279           12.9319   0.87%          
100   10    3       4     1321      0.4670    1337           13.3775   1.21%          
100   10    3       5     1301      0.0010    1337           13.3288   2.77%          
100   10    3       6     1269      0.0010    1307           13.8414   2.99%          
100   10    3       7     1280      0.0010    1294           13.5693   1.09%          
100   10    3       8     1201      0.0000    1212           13.2789   0.92%          
100   10    3       9     1258      0.0000    1274           13.4938   1.27%          
100   10    3       10    1291      0.0000    1304           13.4223   1.01%          
100   10    4       1     303       0.0010    311            5.1182    2.64%          
100   10    4       2     308       0.0010    311            5.1019    0.97%          
100   10    4       3     287       0.0010    292            4.9670    1.74%          
100   10    4       4     298       0.0010    300            5.1081    0.67%          
100   10    4       5     316       0.0010    317            4.9991    0.32%          
100   10    4       6     291       0.4700    294            5.0180    1.03%          
100   10    4       7     297       0.0020    299            5.1857    0.67%          
100   10    4       8     303       0.0010    304            7.6753    0.33%          
100   10    4       9     301       0.0000    302            12.8864   0.33%          
100   10    4       10    299       0.0000    301            12.5363   0.67%          
100   10    5       1     556       0.0000    559            13.1145   0.54%          
100   10    5       2     545       0.0000    547            13.0811   0.37%          
100   10    5       3     546       0.0000    550            12.8235   0.73%          
100   10    5       4     541       0.4660    542            12.6620   0.18%          
100   10    5       5     527       0.0020    530            13.2185   0.57%          
100   10    5       6     552       0.0010    555            13.4207   0.54%          
100   10    5       7     566       0.0010    569            13.0284   0.53%          
100   10    5       8     552       0.0000    554            13.2082   0.36%          
100   10    5       9     533       0.0000    536            12.9341   0.56%          
100   10    5       10    536       0.0000    541            13.6265   0.93%          
100   10    6       1     1309      0.0000    1310           12.6985   0.08%          
100   10    6       2     1340      0.0000    1346           13.0819   0.45%          
100   10    6       3     1264      0.0000    1266           13.4624   0.16%          
100   10    6       4     1310      0.0000    1315           13.0388   0.38%          
100   10    6       5     1304      0.0010    1310           12.8904   0.46%          
100   10    6       6     1294      0.0000    1300           12.6251   0.46%          
100   10    6       7     1273      0.0000    1277           12.8682   0.31%          
100   10    6       8     1314      0.0000    1317           12.8871   0.23%          
100   10    6       9     1283      0.5730    1287           12.9785   0.31%          
100   10    6       10    1303      0.5130    1311           13.1250   0.61%          
100   15    1       1     298       0.0020    299            13.0173   0.34%          
100   15    1       2     282       0.0010    284            12.8974   0.71%          
100   15    1       3     278       0.0010    281            12.6610   1.08%          
100   15    1       4     261       0.0010    263            13.0118   0.77%          
100   15    1       5     248       0.0010    250            10.1410   0.81%          
100   15    1       6     260       0.0010    263            4.9908    1.15%          
100   15    1       7     272       0.0000    273            5.0196    0.37%          
100   15    1       8     293       0.0000    300            5.0437    2.39%          
100   15    1       9     269       0.0001    271            5.0906    0.74%          
100   15    1       10    264       0.0000    266            11.3518   0.76%          
100   15    2       1     550       0.0000    555            13.7688   0.91%          
100   15    2       2     558       0.0010    563            13.7945   0.90%          
100   15    2       3     583       0.0000    588            13.8765   0.86%          
100   15    2       4     500       0.0000    504            13.1153   0.80%          
100   15    2       5     503       0.0010    508            13.7922   0.99%          
100   15    2       6     531       0.0001    538            13.3207   1.32%          
100   15    2       7     513       0.0000    517            13.1476   0.78%          
100   15    2       8     499       0.0000    505            12.9698   1.20%          
100   15    2       9     527       0.0000    530            12.6487   0.57%          
100   15    2       10    484       0.0000    489            12.5611   1.03%          
100   15    3       1     1263      0.0000    1275           12.5394   0.95%          
100   15    3       2     1343      0.0000    1356           12.8157   0.97%          
100   15    3       3     1314      0.0000    1328           12.8585   1.07%          
100   15    3       4     1310      0.0000    1317           13.0068   0.53%          
100   15    3       5     1335      0.0000    1347           12.7328   0.90%          
100   15    3       6     1242      0.0000    1257           12.5609   1.21%          
100   15    3       7     1147      0.0000    1159           12.7744   1.05%          
100   15    3       8     1157      0.0010    1168           12.7406   0.95%          
100   15    3       9     1177      0.0010    1220           12.7906   3.65%          
100   15    3       10    1277      0.0001    1293           12.3790   1.25%          
100   15    4       1     301       0.0000    303            12.4489   0.66%          
100   15    4       2     297       0.0000    298            12.0387   0.34%          
100   15    4       3     300       0.0000    303            12.4803   1.00%          
100   15    4       4     298       0.0000    299            13.0447   0.34%          
100   15    4       5     302       0.0000    311            12.9600   2.98%          
100   15    4       6     294       0.5310    296            12.6992   0.68%          
100   15    4       7     314       0.0020    315            11.8935   0.32%          
100   15    4       8     289       0.0010    292            12.6052   1.04%          
100   15    4       9     291       0.0010    293            12.2595   0.69%          
100   15    4       10    296       0.0000    298            12.6030   0.68%          
100   15    5       1     557       0.0002    558            12.8524   0.18%          
100   15    5       2     540       0.0000    542            12.7503   0.37%          
100   15    5       3     550       0.0000    552            12.8832   0.36%          
100   15    5       4     538       0.5010    540            12.9878   0.37%          
100   15    5       5     539       0.0020    542            12.7711   0.56%          
100   15    5       6     551       0.0010    554            12.5784   0.54%          
100   15    5       7     551       0.4640    555            12.6400   0.73%          
100   15    5       8     550       0.0020    554            12.8107   0.73%          
100   15    5       9     534       0.0000    537            13.7484   0.56%          
100   15    5       10    548       0.0000    551            13.1859   0.55%          
100   15    6       1     1301      0.5160    1305           12.8079   0.31%          
100   15    6       2     1318      0.0020    1323           12.6465   0.38%          
100   15    6       3     1282      0.4870    1285           12.8386   0.23%          
100   15    6       4     1315      0.5880    1320           12.5119   0.38%          
100   15    6       5     1302      0.0020    1305           12.7567   0.23%          
100   15    6       6     1262      0.0001    1267           12.3179   0.40%          
100   15    6       7     1314      0.4710    1319           12.2170   0.38%          
100   15    6       8     1290      0.0010    1317           12.6716   2.09%          
100   15    6       9     1259      0.4680    1269           12.6796   0.79%          
100   15    6       10    1277      0.0020    1309           12.5207   2.51%          
100   20    1       1     280       0.0030    283            12.1914   1.07%          
100   20    1       2     269       0.0000    277            12.0123   2.97%          
100   20    1       3     265       0.0000    267            12.4336   0.75%          
100   20    1       4     249       0.0000    250            10.1214   0.40%          
100   20    1       5     252       0.0000    256            5.0933    1.59%          
100   20    1       6     275       0.0000    276            10.3322   0.36%          
100   20    1       7     266       0.0000    268            13.7952   0.75%          
100   20    1       8     277       0.0002    280            13.6234   1.08%          
100   20    1       9     284       0.0000    285            8.6746    0.35%          
100   20    1       10    261       0.0000    262            5.3090    0.38%          
100   20    2       1     524       0.0000    525            5.0497    0.19%          
100   20    2       2     511       0.0000    514            5.0039    0.59%          
100   20    2       3     534       0.0000    537            4.9767    0.56%          
100   20    2       4     541       0.0000    547            5.1000    1.11%          
100   20    2       5     530       0.0000    535            5.0447    0.94%          
100   20    2       6     560       0.0001    564            4.9950    0.71%          
100   20    2       7     556       0.0010    560            5.1361    0.72%          
100   20    2       8     527       0.0010    531            5.0409    0.76%          
100   20    2       9     542       0.0010    545            5.1133    0.55%          
100   20    2       10    488       0.0010    492            4.9918    0.82%          
100   20    3       1     1321      0.0000    1332           5.0356    0.83%          
100   20    3       2     1223      0.0010    1237           5.0821    1.14%          
100   20    3       3     1301      0.0001    1310           4.9641    0.69%          
100   20    3       4     1342      0.0000    1355           5.0360    0.97%          
100   20    3       5     1267      0.0000    1281           5.0623    1.10%          
100   20    3       6     1337      0.0000    1350           5.0185    0.97%          
100   20    3       7     1228      0.0000    1240           5.0278    0.98%          
100   20    3       8     1268      0.0000    1278           5.0230    0.79%          
100   20    3       9     1271      0.0000    1283           5.0757    0.94%          
100   20    3       10    1332      0.0010    1343           5.0061    0.83%          
100   20    4       1     299       0.0000    300            4.9108    0.33%          
100   20    4       2     288       0.0000    290            5.0387    0.69%          
100   20    4       3     304       0.0000    307            4.9612    0.99%          
100   20    4       4     309       0.0010    312            4.9711    0.97%          
100   20    4       5     312       0.0010    313            4.9144    0.32%          
100   20    4       6     306       0.0000    307            4.9201    0.33%          
100   20    4       7     303       0.0000    306            4.9046    0.99%          
100   20    4       8     295       0.0000    298            4.9127    1.02%          
100   20    4       9     296       0.0000    297            4.9347    0.34%          
100   20    4       10    312       0.0000    313            4.9354    0.32%          
100   20    5       1     580       0.0000    583            4.9819    0.52%          
100   20    5       2     555       0.0000    557            5.0844    0.36%          
100   20    5       3     543       0.0000    545            4.9269    0.37%          
100   20    5       4     543       0.0000    547            4.9684    0.74%          
100   20    5       5     534       0.0000    536            5.1815    0.37%          
100   20    5       6     543       0.0000    545            5.0078    0.37%          
100   20    5       7     568       0.0000    571            5.1084    0.53%          
100   20    5       8     545       0.0000    550            5.9251    0.92%          
100   20    5       9     545       0.0000    546            5.6094    0.18%          
100   20    5       10    545       0.0000    547            5.2495    0.37%          
100   20    6       1     1295      0.5320    1298           5.5220    0.23%          
100   20    6       2     1279      0.0040    1284           5.0430    0.39%          
100   20    6       3     1299      0.0040    1301           5.0617    0.15%          
100   20    6       4     1311      0.0003    1315           5.0019    0.31%          
100   20    6       5     1296      0.0010    1301           5.0577    0.39%          
100   20    6       6     1324      0.0010    1329           5.0429    0.38%          
100   20    6       7     1269      0.0040    1274           5.1463    0.39%          
100   20    6       8     1282      0.0000    1288           5.0565    0.47%          
100   20    6       9     1303      0.0020    1306           5.1490    0.23%          
100   20    6       10    1277      0.0030    1282           5.0378    0.39%          
150   2     1       1     416       0.0010    439            8.5402    5.53%          
150   2     1       2     412       0.0020    464            8.5744    12.62%         
150   2     1       3     424       0.0001    436            8.6106    2.83%          
150   2     1       4     416       0.0000    461            8.5157    10.82%         
150   2     1       5     406       0.0001    417            8.5740    2.71%          
150   2     1       6     461       0.0000    509            8.5501    10.41%         
150   2     1       7     385       0.0010    414            8.5032    7.53%          
150   2     1       8     403       0.0010    453            8.5747    12.41%         
150   2     1       9     402       0.0010    431            8.9279    7.21%          
150   2     1       10    422       0.0010    495            8.9510    17.30%         
150   2     2       1     797       0.0050    823            9.3255    3.26%          
150   2     2       2     793       0.0001    828            8.9707    4.41%          
150   2     2       3     868       0.0000    883            8.7942    1.73%          
150   2     2       4     863       0.0020    949            8.7984    9.97%          
150   2     2       5     817       0.0001    844            8.9708    3.30%          
150   2     2       6     810       0.0010    847            8.5522    4.57%          
150   2     2       7     772       0.0010    804            8.7065    4.15%          
150   2     2       8     827       0.0020    830            23.6486   0.36%          
150   2     2       9     730       0.0010    834            23.7337   14.25%         
150   2     2       10    769       0.0010    774            17.3390   0.65%          
150   2     3       1     1830      0.0010    1883           8.6481    2.90%          
150   2     3       2     1778      0.0000    2274           8.6642    27.90%         
150   2     3       3     1972      0.0001    2074           8.7214    5.17%          
150   2     3       4     2057      0.0010    2346           8.6782    14.05%         
150   2     3       5     2062      0.0000    2373           12.2918   15.08%         
150   2     3       6     1765      0.0000    2040           24.0195   15.58%         
150   2     3       7     1847      0.0003    1974           23.3299   6.88%          
150   2     3       8     1908      0.0010    1960           22.3403   2.73%          
150   2     3       9     1866      0.0030    2154           22.0754   15.43%         
150   2     3       10    1896      0.0010    2060           22.9051   8.65%          
150   2     4       1     436       0.0002    468            21.7939   7.34%          
150   2     4       2     439       0.0000    474            22.7561   7.97%          
150   2     4       3     446       0.0020    499            11.3549   11.88%         
150   2     4       4     450       0.0010    540            8.7446    20.00%         
150   2     4       5     459       0.0002    534            8.7238    16.34%         
150   2     4       6     455       0.0020    498            8.6485    9.45%          
150   2     4       7     454       0.0010    456            8.6629    0.44%          
150   2     4       8     457       0.0000    477            9.1097    4.38%          
150   2     4       9     455       0.0000    465            8.6964    2.20%          
150   2     4       10    448       0.0001    492            8.4999    9.82%          
150   2     5       1     812       0.0020    853            8.5284    5.05%          
150   2     5       2     845       0.5620    906            8.7507    7.22%          
150   2     5       3     834       0.0020    836            9.1947    0.24%          
150   2     5       4     804       0.0010    902            8.7275    12.19%         
150   2     5       5     821       0.0010    930            23.2893   13.28%         
150   2     5       6     825       0.0010    1012           23.3176   22.67%         
150   2     5       7     837       0.0001    852            12.4878   1.79%          
150   2     5       8     825       0.0005    939            18.7680   13.82%         
150   2     5       9     855       0.0002    924            8.9244    8.07%          
150   2     5       10    821       0.0000    879            8.8890    7.06%          
150   2     6       1     1911      0.0000    2001           10.9338   4.71%          
150   2     6       2     1939      0.0000    1989           12.4910   2.58%          
150   2     6       3     1968      0.0000    2127           8.8264    8.08%          
150   2     6       4     1921      0.5180    2155           8.8831    12.18%         
150   2     6       5     1971      0.0020    2004           8.8592    1.67%          
150   2     6       6     1931      0.0010    2120           10.0428   9.79%          
150   2     6       7     1982      0.0010    2119           19.3282   6.91%          
150   2     6       8     1932      0.5520    2038           15.1248   5.49%          
150   2     6       9     1938      0.0020    1997           16.6238   3.04%          
150   2     6       10    1963      0.0010    2107           17.3139   7.34%          
150   5     1       1     396       0.0010    399            7.9580    0.76%          
150   5     1       2     439       0.0010    441            20.3284   0.46%          
150   5     1       3     403       0.0010    404            21.0313   0.25%          
150   5     1       4     433       0.0001    438            20.5992   1.15%          
150   5     1       5     400       0.0000    404            20.3079   1.00%          
150   5     1       6     437       0.0000    443            20.2128   1.37%          
