Jobs  Molds Class   Inst  LB        GA             Gap_GA             
=======================================================================
50    2     1       1     132       145            9.85%          
50    2     1       2     135       144            6.67%          
50    2     1       3     125       162            29.60%         
50    2     1       4     162       180            11.11%         
50    2     1       5     118       123            4.24%          
50    2     1       6     133       137            3.01%          
50    2     1       7     140       144            2.86%          
50    2     1       8     130       173            33.08%         
50    2     1       9     150       160            6.67%          
50    2     1       10    126       126            0.00%          
50    2     2       1     252       258            2.38%          
50    2     2       2     291       316            8.59%          
50    2     2       3     261       276            5.75%          
50    2     2       4     299       317            6.02%          
50    2     2       5     263       274            4.18%          
50    2     2       6     273       273            0.00%          
50    2     2       7     249       268            7.63%          
50    2     2       8     241       275            14.11%         
50    2     2       9     261       305            16.86%         
50    2     2       10    267       305            14.23%         
50    2     3       1     632       772            22.15%         
50    2     3       2     649       740            14.02%         
50    2     3       3     500       552            10.40%         
50    2     3       4     715       979            36.92%         
50    2     3       5     555       717            29.19%         
50    2     3       6     748       942            25.94%         
50    2     3       7     571       619            8.41%          
50    2     3       8     609       612            0.49%          
50    2     3       9     616       743            20.62%         
50    2     3       10    695       788            13.38%         
50    2     4       1     149       162            8.72%          
50    2     4       2     151       192            27.15%         
50    2     4       3     150       163            8.67%          
50    2     4       4     145       159            9.66%          
50    2     4       5     151       184            21.85%         
50    2     4       6     144       144            0.00%          
50    2     4       7     150       151            0.67%          
50    2     4       8     161       176            9.32%          
50    2     4       9     138       139            0.72%          
50    2     4       10    146       152            4.11%          
50    2     5       1     277       330            19.13%         
50    2     5       2     281       287            2.14%          
50    2     5       3     288       332            15.28%         
50    2     5       4     278       292            5.04%          
50    2     5       5     267       282            5.62%          
50    2     5       6     284       309            8.80%          
50    2     5       7     280       281            0.36%          
50    2     5       8     273       288            5.49%          
50    2     5       9     267       281            5.24%          
50    2     5       10    279       298            6.81%          
50    2     6       1     661       740            11.95%         
50    2     6       2     646       690            6.81%          
50    2     6       3     666       673            1.05%          
50    2     6       4     633       718            13.43%         
50    2     6       5     639       708            10.80%         
50    2     6       6     656       689            5.03%          
50    2     6       7     645       661            2.48%          
50    2     6       8     635       822            29.45%         
50    2     6       9     648       660            1.85%          
50    2     6       10    641       714            11.39%         
50    5     1       1     142       143            0.70%          
50    5     1       2     137       145            5.84%          
50    5     1       3     148       150            1.35%          
50    5     1       4     129       130            0.78%          
50    5     1       5     148       152            2.70%          
50    5     1       6     138       141            2.17%          
50    5     1       7     131       133            1.53%          
50    5     1       8     139       141            1.44%          
50    5     1       9     121       136            12.40%         
50    5     1       10    134       134            0.00%          
50    5     2       1     256       270            5.47%          
50    5     2       2     244       261            6.97%          
50    5     2       3     251       253            0.80%          
50    5     2       4     289       294            1.73%          
50    5     2       5     254       268            5.51%          
50    5     2       6     231       233            0.87%          
50    5     2       7     278       285            2.52%          
50    5     2       8     261       267            2.30%          
50    5     2       9     279       281            0.72%          
50    5     2       10    302       307            1.66%          
50    5     3       1     697       734            5.31%          
50    5     3       2     633       688            8.69%          
50    5     3       3     612       660            7.84%          
50    5     3       4     724       784            8.29%          
50    5     3       5     656       664            1.22%          
50    5     3       6     592       604            2.03%          
50    5     3       7     658       680            3.34%          
50    5     3       8     572       584            2.10%          
50    5     3       9     627       671            7.02%          
50    5     3       10    635       647            1.89%          
50    5     4       1     144       146            1.39%          
50    5     4       2     147       150            2.04%          
50    5     4       3     152       155            1.97%          
50    5     4       4     144       150            4.17%          
50    5     4       5     151       153            1.32%          
50    5     4       6     141       143            1.42%          
50    5     4       7     152       152            0.00%          
50    5     4       8     155       163            5.16%          
50    5     4       9     158       161            1.90%          
50    5     4       10    148       149            0.68%          
50    5     5       1     260       263            1.15%          
50    5     5       2     273       276            1.10%          
50    5     5       3     277       283            2.17%          
50    5     5       4     264       265            0.38%          
50    5     5       5     283       286            1.06%          
50    5     5       6     267       278            4.12%          
50    5     5       7     268       269            0.37%          
50    5     5       8     267       271            1.50%          
50    5     5       9     281       283            0.71%          
50    5     5       10    282       284            0.71%          
50    5     6       1     637       641            0.63%          
50    5     6       2     641       644            0.47%          
50    5     6       3     637       661            3.77%          
50    5     6       4     634       641            1.10%          
50    5     6       5     636       643            1.10%          
50    5     6       6     658       692            5.17%          
50    5     6       7     667       671            0.60%          
50    5     6       8     637       640            0.47%          
50    5     6       9     682       685            0.44%          
50    5     6       10    659       662            0.46%          
50    10    1       1     139       141            1.44%          
50    10    1       2     151       158            4.64%          
50    10    1       3     116       118            1.72%          
50    10    1       4     142       142            0.00%          
50    10    1       5     139       141            1.44%          
50    10    1       6     126       127            0.79%          
50    10    1       7     127       129            1.57%          
50    10    1       8     150       158            5.33%          
50    10    1       9     144       147            2.08%          
50    10    1       10    140       144            2.86%          
50    10    2       1     296       297            0.34%          
50    10    2       2     244       246            0.82%          
50    10    2       3     261       265            1.53%          
50    10    2       4     268       272            1.49%          
50    10    2       5     271       277            2.21%          
50    10    2       6     308       315            2.27%          
50    10    2       7     270       274            1.48%          
50    10    2       8     271       276            1.85%          
50    10    2       9     278       282            1.44%          
50    10    2       10    256       261            1.95%          
50    10    3       1     563       570            1.24%          
50    10    3       2     748       758            1.34%          
50    10    3       3     732       746            1.91%          
50    10    3       4     717       726            1.26%          
50    10    3       5     631       655            3.80%          
50    10    3       6     603       638            5.80%          
50    10    3       7     673       683            1.49%          
50    10    3       8     651       665            2.15%          
50    10    3       9     606       626            3.30%          
50    10    3       10    679       688            1.33%          
50    10    4       1     159       161            1.26%          
50    10    4       2     150       152            1.33%          
50    10    4       3     146       148            1.37%          
50    10    4       4     152       160            5.26%          
50    10    4       5     153       155            1.31%          
50    10    4       6     148       150            1.35%          
50    10    4       7     149       149            0.00%          
50    10    4       8     146       152            4.11%          
50    10    4       9     144       145            0.69%          
50    10    4       10    150       151            0.67%          
50    10    5       1     279       281            0.72%          
50    10    5       2     268       271            1.12%          
50    10    5       3     284       288            1.41%          
50    10    5       4     270       273            1.11%          
50    10    5       5     281       286            1.78%          
50    10    5       6     279       281            0.72%          
50    10    5       7     274       277            1.09%          
50    10    5       8     269       271            0.74%          
50    10    5       9     275       279            1.45%          
50    10    5       10    289       289            0.00%          
50    10    6       1     654       657            0.46%          
50    10    6       2     652       657            0.77%          
50    10    6       3     634       639            0.79%          
50    10    6       4     643       644            0.16%          
50    10    6       5     649       650            0.15%          
50    10    6       6     652       658            0.92%          
50    10    6       7     649       651            0.31%          
50    10    6       8     656       660            0.61%          
50    10    6       9     660       661            0.15%          
50    10    6       10    649       653            0.62%          
50    15    1       1     122       125            2.46%          
50    15    1       2     140       142            1.43%          
50    15    1       3     151       155            2.65%          
50    15    1       4     145       148            2.07%          
50    15    1       5     137       140            2.19%          
50    15    1       6     143       144            0.70%          
50    15    1       7     136       139            2.21%          
50    15    1       8     125       126            0.80%          
50    15    1       9     139       141            1.44%          
50    15    1       10    127       128            0.79%          
50    15    2       1     283       285            0.71%          
50    15    2       2     225       225            0.00%          
50    15    2       3     280       285            1.79%          
50    15    2       4     278       278            0.00%          
50    15    2       5     285       290            1.75%          
50    15    2       6     288       294            2.08%          
50    15    2       7     229       236            3.06%          
50    15    2       8     254       258            1.57%          
50    15    2       9     289       293            1.38%          
50    15    2       10    279       286            2.51%          
50    15    3       1     618       631            2.10%          
50    15    3       2     585       593            1.37%          
50    15    3       3     602       615            2.16%          
50    15    3       4     710       723            1.83%          
50    15    3       5     682       695            1.91%          
50    15    3       6     672       681            1.34%          
50    15    3       7     619       623            0.65%          
50    15    3       8     591       599            1.35%          
50    15    3       9     523       530            1.34%          
50    15    3       10    598       612            2.34%          
50    15    4       1     153       155            1.31%          
50    15    4       2     150       152            1.33%          
50    15    4       3     142       144            1.41%          
50    15    4       4     149       151            1.34%          
50    15    4       5     160       162            1.25%          
50    15    4       6     145       147            1.38%          
50    15    4       7     153       154            0.65%          
50    15    4       8     146       146            0.00%          
50    15    4       9     149       149            0.00%          
50    15    4       10    154       156            1.30%          
50    15    5       1     276       279            1.09%          
50    15    5       2     276       278            0.72%          
50    15    5       3     279       281            0.72%          
50    15    5       4     292       295            1.03%          
50    15    5       5     287       287            0.00%          
50    15    5       6     277       279            0.72%          
50    15    5       7     290       293            1.03%          
50    15    5       8     273       275            0.73%          
50    15    5       9     271       284            4.80%          
50    15    5       10    271       274            1.11%          
50    15    6       1     641       646            0.78%          
50    15    6       2     678       681            0.44%          
50    15    6       3     627       630            0.48%          
50    15    6       4     638       643            0.78%          
50    15    6       5     638       646            1.25%          
50    15    6       6     653       657            0.61%          
50    15    6       7     659       659            0.00%          
50    15    6       8     665       671            0.90%          
50    15    6       9     656       658            0.30%          
50    15    6       10    646       654            1.24%          
50    20    1       1     118       119            0.85%          
50    20    1       2     125       127            1.60%          
50    20    1       3     155       155            0.00%          
50    20    1       4     136       139            2.21%          
50    20    1       5     120       121            0.83%          
50    20    1       6     142       153            7.75%          
50    20    1       7     133       133            0.00%          
50    20    1       8     149       149            0.00%          
50    20    1       9     143       144            0.70%          
50    20    1       10    138       140            1.45%          
50    20    2       1     256       271            5.86%          
50    20    2       2     217       217            0.00%          
50    20    2       3     227       233            2.64%          
50    20    2       4     232       237            2.16%          
50    20    2       5     229       229            0.00%          
50    20    2       6     283       288            1.77%          
50    20    2       7     250       254            1.60%          
50    20    2       8     263       278            5.70%          
50    20    2       9     288       293            1.74%          
50    20    2       10    258       264            2.33%          
50    20    3       1     640       657            2.66%          
50    20    3       2     642       656            2.18%          
50    20    3       3     630       646            2.54%          
50    20    3       4     617       628            1.78%          
50    20    3       5     691       704            1.88%          
50    20    3       6     703       718            2.13%          
50    20    3       7     622       633            1.77%          
50    20    3       8     623       623            0.00%          
50    20    3       9     745       755            1.34%          
50    20    3       10    706       716            1.42%          
50    20    4       1     148       150            1.35%          
50    20    4       2     154       154            0.00%          
50    20    4       3     149       150            0.67%          
50    20    4       4     145       147            1.38%          
50    20    4       5     151       154            1.99%          
50    20    4       6     146       147            0.68%          
50    20    4       7     152       154            1.32%          
50    20    4       8     150       152            1.33%          
50    20    4       9     147       147            0.00%          
50    20    4       10    154       155            0.65%          
50    20    5       1     270       274            1.48%          
50    20    5       2     286       288            0.70%          
50    20    5       3     271       271            0.00%          
50    20    5       4     278       280            0.72%          
50    20    5       5     277       282            1.81%          
50    20    5       6     267       270            1.12%          
50    20    5       7     277       280            1.08%          
50    20    5       8     272       277            1.84%          
50    20    5       9     272       274            0.74%          
50    20    5       10    275       277            0.73%          
50    20    6       1     655       658            0.46%          
50    20    6       2     639       642            0.47%          
50    20    6       3     661       664            0.45%          
50    20    6       4     649       653            0.62%          
50    20    6       5     658       685            4.10%          
50    20    6       6     640       644            0.62%          
50    20    6       7     644       649            0.78%          
50    20    6       8     656       663            1.07%          
50    20    6       9     646       646            0.00%          
50    20    6       10    660       665            0.76%          
100   2     1       1     270       290            7.41%          
100   2     1       2     260       264            1.54%          
100   2     1       3     271       288            6.27%          
100   2     1       4     277       307            10.83%         
100   2     1       5     282       291            3.19%          
100   2     1       6     270       283            4.81%          
100   2     1       7     287       289            0.70%          
100   2     1       8     297       330            11.11%         
100   2     1       9     255       301            18.04%         
100   2     1       10    293       315            7.51%          
100   2     2       1     505       518            2.57%          
100   2     2       2     562       651            15.84%         
100   2     2       3     544       553            1.65%          
100   2     2       4     510       572            12.16%         
100   2     2       5     528       565            7.01%          
100   2     2       6     528       603            14.20%         
100   2     2       7     495       508            2.63%          
100   2     2       8     579       585            1.04%          
100   2     2       9     480       507            5.62%          
100   2     2       10    528       600            13.64%         
100   2     3       1     1207      1267           4.97%          
100   2     3       2     1260      1476           17.14%         
100   2     3       3     1278      1330           4.07%          
100   2     3       4     1138      1152           1.23%          
100   2     3       5     1218      1392           14.29%         
100   2     3       6     1270      1322           4.09%          
100   2     3       7     1259      1284           1.99%          
100   2     3       8     1311      1521           16.02%         
100   2     3       9     1192      1270           6.54%          
100   2     3       10    1307      1547           18.36%         
100   2     4       1     291       300            3.09%          
100   2     4       2     323       343            6.19%          
100   2     4       3     300       307            2.33%          
100   2     4       4     297       315            6.06%          
100   2     4       5     297       317            6.73%          
100   2     4       6     291       321            10.31%         
100   2     4       7     302       322            6.62%          
100   2     4       8     295       303            2.71%          
100   2     4       9     308       330            7.14%          
100   2     4       10    299       373            24.75%         
100   2     5       1     534       557            4.31%          
100   2     5       2     537       558            3.91%          
100   2     5       3     554       614            10.83%         
100   2     5       4     538       567            5.39%          
100   2     5       5     540       586            8.52%          
100   2     5       6     564       588            4.26%          
100   2     5       7     560       596            6.43%          
100   2     5       8     528       577            9.28%          
100   2     5       9     551       631            14.52%         
100   2     5       10    528       640            21.21%         
100   2     6       1     1330      1495           12.41%         
100   2     6       2     1286      1341           4.28%          
100   2     6       3     1291      1305           1.08%          
100   2     6       4     1310      1397           6.64%          
100   2     6       5     1309      1348           2.98%          
100   2     6       6     1310      1432           9.31%          
100   2     6       7     1320      1367           3.56%          
100   2     6       8     1284      1301           1.32%          
100   2     6       9     1309      1494           14.13%         
100   2     6       10    1307      1492           14.15%         
100   5     1       1     266       267            0.38%          
100   5     1       2     262       264            0.76%          
100   5     1       3     258       260            0.78%          
100   5     1       4     272       273            0.37%          
100   5     1       5     279       281            0.72%          
100   5     1       6     286       289            1.05%          
100   5     1       7     275       276            0.36%          
100   5     1       8     252       254            0.79%          
100   5     1       9     299       302            1.00%          
100   5     1       10    257       259            0.78%          
100   5     2       1     567       573            1.06%          
100   5     2       2     561       564            0.53%          
100   5     2       3     483       496            2.69%          
100   5     2       4     529       536            1.32%          
100   5     2       5     535       561            4.86%          
100   5     2       6     442       446            0.90%          
100   5     2       7     518       523            0.97%          
100   5     2       8     533       536            0.56%          
100   5     2       9     537       559            4.10%          
100   5     2       10    508       509            0.20%          
100   5     3       1     1314      1327           0.99%          
100   5     3       2     1219      1223           0.33%          
100   5     3       3     1279      1314           2.74%          
100   5     3       4     1284      1291           0.55%          
100   5     3       5     1389      1400           0.79%          
100   5     3       6     1280      1299           1.48%          
100   5     3       7     1247      1254           0.56%          
100   5     3       8     1291      1303           0.93%          
100   5     3       9     1279      1293           1.09%          
100   5     3       10    1264      1307           3.40%          
100   5     4       1     302       310            2.65%          
100   5     4       2     297       297            0.00%          
100   5     4       3     290       291            0.34%          
100   5     4       4     304       306            0.66%          
100   5     4       5     292       293            0.34%          
100   5     4       6     301       303            0.66%          
100   5     4       7     290       292            0.69%          
100   5     4       8     302       305            0.99%          
100   5     4       9     308       310            0.65%          
100   5     4       10    304       307            0.99%          
100   5     5       1     536       537            0.19%          
100   5     5       2     560       562            0.36%          
100   5     5       3     540       540            0.00%          
100   5     5       4     540       544            0.74%          
100   5     5       5     558       562            0.72%          
100   5     5       6     538       543            0.93%          
100   5     5       7     570       577            1.23%          
100   5     5       8     559       561            0.36%          
100   5     5       9     550       554            0.73%          
100   5     5       10    550       554            0.73%          
100   5     6       1     1310      1316           0.46%          
100   5     6       2     1308      1312           0.31%          
100   5     6       3     1276      1311           2.74%          
100   5     6       4     1284      1290           0.47%          
100   5     6       5     1298      1323           1.93%          
100   5     6       6     1315      1318           0.23%          
100   5     6       7     1339      1342           0.22%          
100   5     6       8     1281      1313           2.50%          
100   5     6       9     1293      1294           0.08%          
100   5     6       10    1298      1302           0.31%          
100   10    1       1     276       278            0.72%          
100   10    1       2     289       297            2.77%          
100   10    1       3     293       295            0.68%          
100   10    1       4     270       273            1.11%          
100   10    1       5     285       288            1.05%          
100   10    1       6     274       276            0.73%          
100   10    1       7     293       296            1.02%          
100   10    1       8     254       255            0.39%          
100   10    1       9     288       291            1.04%          
100   10    1       10    269       272            1.12%          
100   10    2       1     520       527            1.35%          
100   10    2       2     538       542            0.74%          
100   10    2       3     528       533            0.95%          
100   10    2       4     531       540            1.69%          
100   10    2       5     515       519            0.78%          
100   10    2       6     548       552            0.73%          
100   10    2       7     497       500            0.60%          
100   10    2       8     535       541            1.12%          
100   10    2       9     483       490            1.45%          
100   10    2       10    536       542            1.12%          
100   10    3       1     1216      1225           0.74%          
100   10    3       2     1301      1336           2.69%          
100   10    3       3     1268      1279           0.87%          
100   10    3       4     1321      1337           1.21%          
100   10    3       5     1301      1337           2.77%          
100   10    3       6     1269      1307           2.99%          
100   10    3       7     1280      1294           1.09%          
100   10    3       8     1201      1212           0.92%          
100   10    3       9     1258      1274           1.27%          
100   10    3       10    1291      1304           1.01%          
100   10    4       1     303       311            2.64%          
100   10    4       2     308       311            0.97%          
100   10    4       3     287       292            1.74%          
100   10    4       4     298       300            0.67%          
100   10    4       5     316       317            0.32%          
100   10    4       6     291       294            1.03%          
100   10    4       7     297       299            0.67%          
100   10    4       8     303       304            0.33%          
100   10    4       9     301       302            0.33%          
100   10    4       10    299       301            0.67%          
100   10    5       1     556       559            0.54%          
100   10    5       2     545       547            0.37%          
100   10    5       3     546       550            0.73%          
100   10    5       4     541       542            0.18%          
100   10    5       5     527       530            0.57%          
100   10    5       6     552       555            0.54%          
100   10    5       7     566       569            0.53%          
100   10    5       8     552       554            0.36%          
100   10    5       9     533       536            0.56%          
100   10    5       10    536       541            0.93%          
100   10    6       1     1309      1310           0.08%          
100   10    6       2     1340      1346           0.45%          
100   10    6       3     1264      1266           0.16%          
100   10    6       4     1310      1315           0.38%          
100   10    6       5     1304      1310           0.46%          
100   10    6       6     1294      1300           0.46%          
100   10    6       7     1273      1277           0.31%          
100   10    6       8     1314      1317           0.23%          
100   10    6       9     1283      1287           0.31%          
100   10    6       10    1303      1311           0.61%          
100   15    1       1     298       299            0.34%          
100   15    1       2     282       284            0.71%          
100   15    1       3     278       281            1.08%          
100   15    1       4     261       263            0.77%          
100   15    1       5     248       250            0.81%          
100   15    1       6     260       263            1.15%          
100   15    1       7     272       273            0.37%          
100   15    1       8     293       300            2.39%          
100   15    1       9     269       271            0.74%          
100   15    1       10    264       266            0.76%          
100   15    2       1     550       555            0.91%          
100   15    2       2     558       563            0.90%          
100   15    2       3     583       588            0.86%          
100   15    2       4     500       504            0.80%          
100   15    2       5     503       508            0.99%          
100   15    2       6     531       538            1.32%          
100   15    2       7     513       517            0.78%          
100   15    2       8     499       505            1.20%          
100   15    2       9     527       530            0.57%          
100   15    2       10    484       489            1.03%          
100   15    3       1     1263      1275           0.95%          
100   15    3       2     1343      1356           0.97%          
100   15    3       3     1314      1328           1.07%          
100   15    3       4     1310      1317           0.53%          
100   15    3       5     1335      1347           0.90%          
100   15    3       6     1242      1257           1.21%          
100   15    3       7     1147      1159           1.05%          
100   15    3       8     1157      1168           0.95%          
100   15    3       9     1177      1220           3.65%          
100   15    3       10    1277      1293           1.25%          
100   15    4       1     301       303            0.66%          
100   15    4       2     297       298            0.34%          
100   15    4       3     300       303            1.00%          
100   15    4       4     298       299            0.34%          
100   15    4       5     302       311            2.98%          
100   15    4       6     294       296            0.68%          
100   15    4       7     314       315            0.32%          
100   15    4       8     289       292            1.04%          
100   15    4       9     291       293            0.69%          
100   15    4       10    296       298            0.68%          
100   15    5       1     557       558            0.18%          
100   15    5       2     540       542            0.37%          
100   15    5       3     550       552            0.36%          
100   15    5       4     538       540            0.37%          
100   15    5       5     539       542            0.56%          
100   15    5       6     551       554            0.54%          
100   15    5       7     551       555            0.73%          
100   15    5       8     550       554            0.73%          
100   15    5       9     534       537            0.56%          
100   15    5       10    548       551            0.55%          
100   15    6       1     1301      1305           0.31%          
100   15    6       2     1318      1323           0.38%          
100   15    6       3     1282      1285           0.23%          
100   15    6       4     1315      1320           0.38%          
100   15    6       5     1302      1305           0.23%          
100   15    6       6     1262      1267           0.40%          
100   15    6       7     1314      1319           0.38%          
100   15    6       8     1290      1317           2.09%          
100   15    6       9     1259      1269           0.79%          
100   15    6       10    1277      1309           2.51%          
100   20    1       1     280       283            1.07%          
100   20    1       2     269       277            2.97%          
100   20    1       3     265       267            0.75%          
100   20    1       4     249       250            0.40%          
100   20    1       5     252       256            1.59%          
100   20    1       6     275       276            0.36%          
100   20    1       7     266       268            0.75%          
100   20    1       8     277       280            1.08%          
100   20    1       9     284       285            0.35%          
100   20    1       10    261       262            0.38%          
100   20    2       1     524       525            0.19%          
100   20    2       2     511       514            0.59%          
100   20    2       3     534       537            0.56%          
100   20    2       4     541       547            1.11%          
100   20    2       5     530       535            0.94%          
100   20    2       6     560       564            0.71%          
100   20    2       7     556       560            0.72%          
100   20    2       8     527       531            0.76%          
100   20    2       9     542       545            0.55%          
100   20    2       10    488       492            0.82%          
100   20    3       1     1321      1332           0.83%          
100   20    3       2     1223      1237           1.14%          
100   20    3       3     1301      1310           0.69%          
100   20    3       4     1342      1355           0.97%          
100   20    3       5     1267      1281           1.10%          
100   20    3       6     1337      1350           0.97%          
100   20    3       7     1228      1240           0.98%          
100   20    3       8     1268      1278           0.79%          
100   20    3       9     1271      1283           0.94%          
100   20    3       10    1332      1343           0.83%          
100   20    4       1     299       300            0.33%          
100   20    4       2     288       290            0.69%          
100   20    4       3     304       307            0.99%          
100   20    4       4     309       312            0.97%          
100   20    4       5     312       313            0.32%          
100   20    4       6     306       307            0.33%          
100   20    4       7     303       306            0.99%          
100   20    4       8     295       298            1.02%          
100   20    4       9     296       297            0.34%          
100   20    4       10    312       313            0.32%          
100   20    5       1     580       583            0.52%          
100   20    5       2     555       557            0.36%          
100   20    5       3     543       545            0.37%          
100   20    5       4     543       547            0.74%          
100   20    5       5     534       536            0.37%          
100   20    5       6     543       545            0.37%          
100   20    5       7     568       571            0.53%          
100   20    5       8     545       550            0.92%          
100   20    5       9     545       546            0.18%          
100   20    5       10    545       547            0.37%          
100   20    6       1     1295      1298           0.23%          
100   20    6       2     1279      1284           0.39%          
100   20    6       3     1299      1301           0.15%          
100   20    6       4     1311      1315           0.31%          
100   20    6       5     1296      1301           0.39%          
100   20    6       6     1324      1329           0.38%          
100   20    6       7     1269      1274           0.39%          
100   20    6       8     1282      1288           0.47%          
100   20    6       9     1303      1306           0.23%          
100   20    6       10    1277      1282           0.39%          
150   2     1       1     416       439            5.53%          
150   2     1       2     412       464            12.62%         
150   2     1       3     424       436            2.83%          
150   2     1       4     416       461            10.82%         
150   2     1       5     406       417            2.71%          
150   2     1       6     461       509            10.41%         
150   2     1       7     385       414            7.53%          
150   2     1       8     403       453            12.41%         
150   2     1       9     402       431            7.21%          
150   2     1       10    422       495            17.30%         
150   2     2       1     797       823            3.26%          
150   2     2       2     793       828            4.41%          
150   2     2       3     868       883            1.73%          
150   2     2       4     863       949            9.97%          
150   2     2       5     817       844            3.30%          
150   2     2       6     810       847            4.57%          
150   2     2       7     772       804            4.15%          
150   2     2       8     827       830            0.36%          
150   2     2       9     730       834            14.25%         
150   2     2       10    769       774            0.65%          
150   2     3       1     1830      1883           2.90%          
150   2     3       2     1778      2274           27.90%         
150   2     3       3     1972      2074           5.17%          
150   2     3       4     2057      2346           14.05%         
150   2     3       5     2062      2373           15.08%         
150   2     3       6     1765      2040           15.58%         
150   2     3       7     1847      1974           6.88%          
150   2     3       8     1908      1960           2.73%          
150   2     3       9     1866      2154           15.43%         
150   2     3       10    1896      2060           8.65%          
150   2     4       1     436       468            7.34%          
150   2     4       2     439       474            7.97%          
150   2     4       3     446       499            11.88%         
150   2     4       4     450       540            20.00%         
150   2     4       5     459       534            16.34%         
150   2     4       6     455       498            9.45%          
150   2     4       7     454       456            0.44%          
150   2     4       8     457       477            4.38%          
150   2     4       9     455       465            2.20%          
150   2     4       10    448       492            9.82%          
150   2     5       1     812       853            5.05%          
150   2     5       2     845       906            7.22%          
150   2     5       3     834       836            0.24%          
150   2     5       4     804       902            12.19%         
150   2     5       5     821       930            13.28%         
150   2     5       6     825       1012           22.67%         
150   2     5       7     837       852            1.79%          
150   2     5       8     825       939            13.82%         
150   2     5       9     855       924            8.07%          
150   2     5       10    821       879            7.06%          
150   2     6       1     1911      2001           4.71%          
150   2     6       2     1939      1989           2.58%          
150   2     6       3     1968      2127           8.08%          
150   2     6       4     1921      2155           12.18%         
150   2     6       5     1971      2004           1.67%          
150   2     6       6     1931      2120           9.79%          
150   2     6       7     1982      2119           6.91%          
150   2     6       8     1932      2038           5.49%          
150   2     6       9     1938      1997           3.04%          
150   2     6       10    1963      2107           7.34%          
150   5     1       1     396       399            0.76%          
150   5     1       2     439       441            0.46%          
150   5     1       3     403       404            0.25%          
150   5     1       4     433       438            1.15%          
150   5     1       5     400       404            1.00%          
150   5     1       6     437       443            1.37%          
150   5     1       7     406       408            0.49%          
150   5     1       8     420       421            0.24%          
150   5     1       9     428       431            0.70%          
150   5     1       10    420       420            0.00%          
150   5     2       1     824       829            0.61%          
150   5     2       2     853       856            0.35%          
150   5     2       3     720       725            0.69%          
150   5     2       4     794       809            1.89%          
150   5     2       5     784       790            0.77%          
150   5     2       6     796       801            0.63%          
150   5     2       7     786       791            0.64%          
150   5     2       8     783       816            4.21%          
150   5     2       9     821       828            0.85%          
150   5     2       10    773       787            1.81%          
150   5     3       1     1997      2009           0.60%          
150   5     3       2     1818      1831           0.72%          
150   5     3       3     2019      2030           0.54%          
150   5     3       4     1888      1896           0.42%          
150   5     3       5     2025      2038           0.64%          
150   5     3       6     2039      2099           2.94%          
150   5     3       7     1970      1977           0.36%          
150   5     3       8     1985      2026           2.07%          
150   5     3       9     1923      1931           0.42%          
150   5     3       10    1835      1852           0.93%          
150   5     4       1     441       443            0.45%          
150   5     4       2     446       447            0.22%          
150   5     4       3     452       455            0.66%          
150   5     4       4     448       449            0.22%          
150   5     4       5     456       459            0.66%          
150   5     4       6     451       454            0.67%          
150   5     4       7     451       454            0.67%          
150   5     4       8     456       457            0.22%          
150   5     4       9     447       450            0.67%          
150   5     4       10    436       438            0.46%          
150   5     5       1     815       817            0.25%          
150   5     5       2     814       816            0.25%          
150   5     5       3     816       819            0.37%          
150   5     5       4     833       838            0.60%          
150   5     5       5     806       809            0.37%          
150   5     5       6     810       813            0.37%          
150   5     5       7     840       844            0.48%          
150   5     5       8     818       823            0.61%          
150   5     5       9     814       819            0.61%          
150   5     5       10    819       824            0.61%          
150   5     6       1     1957      1968           0.56%          
150   5     6       2     1944      1945           0.05%          
150   5     6       3     1902      1929           1.42%          
150   5     6       4     1975      1979           0.20%          
150   5     6       5     1947      1950           0.15%          
150   5     6       6     1937      1948           0.57%          
150   5     6       7     1977      1982           0.25%          
150   5     6       8     1945      1975           1.54%          
150   5     6       9     1949      1951           0.10%          
150   5     6       10    1989      2030           2.06%          
150   10    1       1     425       428            0.71%          
150   10    1       2     396       399            0.76%          
150   10    1       3     420       421            0.24%          
150   10    1       4     408       410            0.49%          
150   10    1       5     442       443            0.23%          
150   10    1       6     449       451            0.45%          
150   10    1       7     409       412            0.73%          
150   10    1       8     410       417            1.71%          
150   10    1       9     392       394            0.51%          
150   10    1       10    404       407            0.74%          
150   10    2       1     862       868            0.70%          
150   10    2       2     792       794            0.25%          
150   10    2       3     815       819            0.49%          
150   10    2       4     853       860            0.82%          
150   10    2       5     793       798            0.63%          
150   10    2       6     852       854            0.23%          
150   10    2       7     820       824            0.49%          
150   10    2       8     762       779            2.23%          
150   10    2       9     776       782            0.77%          
150   10    2       10    728       733            0.69%          
150   10    3       1     1831      1840           0.49%          
150   10    3       2     1827      1838           0.60%          
150   10    3       3     1887      1901           0.74%          
150   10    3       4     1993      2008           0.75%          
150   10    3       5     1916      1957           2.14%          
150   10    3       6     1843      1856           0.71%          
150   10    3       7     1995      2011           0.80%          
150   10    3       8     1846      1854           0.43%          
150   10    3       9     2005      2015           0.50%          
150   10    3       10    1966      1976           0.51%          
150   10    4       1     463       464            0.22%          
150   10    4       2     463       465            0.43%          
150   10    4       3     447       449            0.45%          
150   10    4       4     445       447            0.45%          
150   10    4       5     467       470            0.64%          
150   10    4       6     447       450            0.67%          
150   10    4       7     439       441            0.46%          
150   10    4       8     466       469            0.64%          
150   10    4       9     473       476            0.63%          
150   10    4       10    458       459            0.22%          
150   10    5       1     837       839            0.24%          
150   10    5       2     831       835            0.48%          
150   10    5       3     825       826            0.12%          
150   10    5       4     836       840            0.48%          
150   10    5       5     825       826            0.12%          
150   10    5       6     818       822            0.49%          
150   10    5       7     853       858            0.59%          
150   10    5       8     819       822            0.37%          
150   10    5       9     827       830            0.36%          
150   10    5       10    834       848            1.68%          
150   10    6       1     1965      1970           0.25%          
150   10    6       2     1944      1975           1.59%          
150   10    6       3     1955      1960           0.26%          
150   10    6       4     1948      1954           0.31%          
150   10    6       5     1947      1953           0.31%          
150   10    6       6     1945      1985           2.06%          
150   10    6       7     1934      1938           0.21%          
150   10    6       8     1997      2002           0.25%          
150   10    6       9     1950      1955           0.26%          
150   10    6       10    1933      1939           0.31%          
150   15    1       1     403       405            0.50%          
150   15    1       2     385       390            1.30%          
150   15    1       3     383       384            0.26%          
150   15    1       4     427       430            0.70%          
150   15    1       5     396       399            0.76%          
150   15    1       6     428       434            1.40%          
150   15    1       7     393       396            0.76%          
150   15    1       8     442       444            0.45%          
150   15    1       9     415       417            0.48%          
150   15    1       10    418       421            0.72%          
150   15    2       1     837       842            0.60%          
150   15    2       2     777       783            0.77%          
150   15    2       3     837       841            0.48%          
150   15    2       4     773       780            0.91%          
150   15    2       5     797       801            0.50%          
150   15    2       6     731       737            0.82%          
150   15    2       7     783       787            0.51%          
150   15    2       8     792       796            0.51%          
150   15    2       9     830       834            0.48%          
150   15    2       10    775       779            0.52%          
150   15    3       1     1879      1891           0.64%          
150   15    3       2     1894      1906           0.63%          
150   15    3       3     1884      1897           0.69%          
150   15    3       4     1846      1861           0.81%          
150   15    3       5     1890      1900           0.53%          
150   15    3       6     1873      1886           0.69%          
150   15    3       7     1909      1921           0.63%          
150   15    3       8     1882      1919           1.97%          
150   15    3       9     1984      1994           0.50%          
150   15    3       10    1816      1829           0.72%          
150   15    4       1     446       453            1.57%          
150   15    4       2     457       459            0.44%          
150   15    4       3     445       445            0.00%          
150   15    4       4     454       456            0.44%          
150   15    4       5     451       453            0.44%          
150   15    4       6     442       443            0.23%          
150   15    4       7     436       437            0.23%          
150   15    4       8     445       447            0.45%          
150   15    4       9     457       460            0.66%          
150   15    4       10    452       455            0.66%          
150   15    5       1     832       834            0.24%          
150   15    5       2     827       830            0.36%          
150   15    5       3     807       808            0.12%          
150   15    5       4     816       818            0.25%          
150   15    5       5     829       833            0.48%          
150   15    5       6     837       841            0.48%          
150   15    5       7     836       839            0.36%          
150   15    5       8     871       873            0.23%          
150   15    5       9     840       845            0.60%          
150   15    5       10    820       822            0.24%          
150   15    6       1     1948      1952           0.21%          
150   15    6       2     1954      1956           0.10%          
150   15    6       3     1941      1969           1.44%          
150   15    6       4     1948      1954           0.31%          
150   15    6       5     1972      1975           0.15%          
150   15    6       6     1981      1986           0.25%          
150   15    6       7     1963      1967           0.20%          
150   15    6       8     1960      1964           0.20%          
150   15    6       9     1957      1989           1.64%          
150   15    6       10    1936      1942           0.31%          
150   20    1       1     423       425            0.47%          
150   20    1       2     421       423            0.48%          
150   20    1       3     400       402            0.50%          
150   20    1       4     388       390            0.52%          
150   20    1       5     402       405            0.75%          
