Jobs  Molds Class   Inst  LB        SA             Gap_SA             
=======================================================================
50    2     1       1     132       145            9.85%          
50    2     1       2     135       144            6.67%          
50    2     1       3     125       162            29.60%         
50    2     1       4     162       180            11.11%         
50    2     1       5     118       123            4.24%          
50    2     1       6     133       137            3.01%          
50    2     1       7     140       144            2.86%          
50    2     1       8     130       173            33.08%         
50    2     1       9     150       160            6.67%          
50    2     1       10    126       126            0.00%          
50    2     2       1     252       258            2.38%          
50    2     2       2     291       316            8.59%          
50    2     2       3     261       276            5.75%          
50    2     2       4     299       317            6.02%          
50    2     2       5     263       274            4.18%          
50    2     2       6     273       273            0.00%          
50    2     2       7     249       268            7.63%          
50    2     2       8     241       275            14.11%         
50    2     2       9     261       305            16.86%         
50    2     2       10    267       305            14.23%         
50    2     3       1     632       772            22.15%         
50    2     3       2     649       740            14.02%         
50    2     3       3     500       552            10.40%         
50    2     3       4     715       979            36.92%         
50    2     3       5     555       717            29.19%         
50    2     3       6     748       942            25.94%         
50    2     3       7     571       619            8.41%          
50    2     3       8     609       612            0.49%          
50    2     3       9     616       743            20.62%         
50    2     3       10    695       788            13.38%         
50    2     4       1     149       162            8.72%          
50    2     4       2     151       192            27.15%         
50    2     4       3     150       163            8.67%          
50    2     4       4     145       159            9.66%          
50    2     4       5     151       184            21.85%         
50    2     4       6     144       144            0.00%          
50    2     4       7     150       151            0.67%          
50    2     4       8     161       176            9.32%          
50    2     4       9     138       139            0.72%          
50    2     4       10    146       152            4.11%          
50    2     5       1     277       330            19.13%         
50    2     5       2     281       287            2.14%          
50    2     5       3     288       332            15.28%         
50    2     5       4     278       292            5.04%          
50    2     5       5     267       282            5.62%          
50    2     5       6     284       309            8.80%          
50    2     5       7     280       281            0.36%          
50    2     5       8     273       288            5.49%          
50    2     5       9     267       281            5.24%          
50    2     5       10    279       298            6.81%          
50    2     6       1     661       740            11.95%         
50    2     6       2     646       690            6.81%          
50    2     6       3     666       673            1.05%          
50    2     6       4     633       718            13.43%         
50    2     6       5     639       708            10.80%         
50    2     6       6     656       689            5.03%          
50    2     6       7     645       661            2.48%          
50    2     6       8     635       822            29.45%         
50    2     6       9     648       660            1.85%          
50    2     6       10    641       714            11.39%         
50    5     1       1     142       142            0.00%          
50    5     1       2     137       137            0.00%          
50    5     1       3     148       150            1.35%          
50    5     1       4     129       129            0.00%          
50    5     1       5     148       152            2.70%          
50    5     1       6     138       138            0.00%          
50    5     1       7     131       131            0.00%          
50    5     1       8     139       141            1.44%          
50    5     1       9     121       123            1.65%          
50    5     1       10    134       134            0.00%          
50    5     2       1     256       256            0.00%          
50    5     2       2     244       246            0.82%          
50    5     2       3     251       253            0.80%          
50    5     2       4     289       291            0.69%          
50    5     2       5     254       254            0.00%          
50    5     2       6     231       231            0.00%          
50    5     2       7     278       285            2.52%          
50    5     2       8     261       261            0.00%          
50    5     2       9     279       281            0.72%          
50    5     2       10    302       302            0.00%          
50    5     3       1     697       734            5.31%          
50    5     3       2     633       634            0.16%          
50    5     3       3     612       614            0.33%          
50    5     3       4     724       733            1.24%          
50    5     3       5     656       656            0.00%          
50    5     3       6     592       604            2.03%          
50    5     3       7     658       658            0.00%          
50    5     3       8     572       572            0.00%          
50    5     3       9     627       631            0.64%          
50    5     3       10    635       647            1.89%          
50    5     4       1     144       145            0.69%          
50    5     4       2     147       148            0.68%          
50    5     4       3     152       152            0.00%          
50    5     4       4     144       144            0.00%          
50    5     4       5     151       153            1.32%          
50    5     4       6     141       141            0.00%          
50    5     4       7     152       152            0.00%          
50    5     4       8     155       163            5.16%          
50    5     4       9     158       161            1.90%          
50    5     4       10    148       149            0.68%          
50    5     5       1     260       262            0.77%          
50    5     5       2     273       274            0.37%          
50    5     5       3     277       283            2.17%          
50    5     5       4     264       265            0.38%          
50    5     5       5     283       284            0.35%          
50    5     5       6     267       267            0.00%          
50    5     5       7     268       269            0.37%          
50    5     5       8     267       267            0.00%          
50    5     5       9     281       282            0.36%          
50    5     5       10    282       284            0.71%          
50    5     6       1     637       638            0.16%          
50    5     6       2     641       644            0.47%          
50    5     6       3     637       653            2.51%          
50    5     6       4     634       641            1.10%          
50    5     6       5     636       642            0.94%          
50    5     6       6     658       658            0.00%          
50    5     6       7     667       671            0.60%          
50    5     6       8     637       640            0.47%          
50    5     6       9     682       685            0.44%          
