Jobs  Molds Class   Inst  LB        Time(s)   TS             Gap_TS             
=================================================================================
400   15    3       1     5245      0.0000    5260           0.29%          
400   15    3       2     4746      0.0030    4754           0.17%          
400   15    3       3     5058      0.0003    5072           0.28%          
400   15    3       4     5013      0.0001    5025           0.24%          
400   15    3       5     5128      0.0001    5139           0.21%          
400   15    3       6     5350      0.0001    5389           0.73%          
400   15    3       7     5066      0.0001    5079           0.26%          
400   15    3       8     5034      0.0001    5045           0.22%          
400   15    3       9     5113      0.0001    5126           0.25%          
400   15    3       10    4954      0.0001    4991           0.75%          
400   15    4       1     1218      0.0001    1226           0.66%          
400   15    4       2     1212      0.0000    1215           0.25%          
400   15    4       3     1208      0.0001    1210           0.17%          
400   15    4       4     1232      0.0010    1232           0.00%          
400   15    4       5     1218      0.0010    1221           0.25%          
400   15    4       6     1210      0.0010    1213           0.25%          
400   15    4       7     1201      0.0010    1204           0.25%          
400   15    4       8     1200      0.0000    1202           0.17%          
400   15    4       9     1185      0.0000    1186           0.08%          
400   15    4       10    1204      0.0000    1206           0.17%          
400   15    5       1     2223      0.0000    2225           0.09%          
400   15    5       2     2175      0.0000    2178           0.14%          
400   15    5       3     2187      0.0000    2191           0.18%          
400   15    5       4     2219      0.0000    2223           0.18%          
400   15    5       5     2194      0.4380    2199           0.23%          
400   15    5       6     2250      0.0010    2254           0.18%          
400   15    5       7     2201      0.0020    2205           0.18%          
400   15    5       8     2199      0.0000    2202           0.14%          
400   15    5       9     2194      0.0000    2198           0.18%          
400   15    5       10    2180      0.0000    2183           0.14%          
400   15    6       1     5126      0.0000    5167           0.80%          
400   15    6       2     5204      0.0000    5209           0.10%          
400   15    6       3     5164      0.4580    5173           0.17%          
400   15    6       4     5187      0.0020    5192           0.10%          
400   15    6       5     5241      0.0010    5244           0.06%          
400   15    6       6     5198      0.0010    5204           0.12%          
400   15    6       7     5229      0.0010    5235           0.11%          
400   15    6       8     5142      0.0001    5146           0.08%          
400   15    6       9     5188      0.0001    5220           0.62%          
400   15    6       10    5158      0.0000    5161           0.06%          
400   20    1       1     1046      0.0000    1047           0.10%          
400   20    1       2     1084      0.0000    1086           0.18%          
400   20    1       3     1112      0.0000    1113           0.09%          
400   20    1       4     1121      0.0000    1124           0.27%          
400   20    1       5     1056      0.0000    1058           0.19%          
400   20    1       6     1174      0.0000    1182           0.68%          
400   20    1       7     1123      0.0000    1125           0.18%          
400   20    1       8     1072      0.0000    1075           0.28%          
400   20    1       9     1075      0.0010    1076           0.09%          
400   20    1       10    1104      0.0000    1108           0.36%          
400   20    2       1     2062      0.0000    2075           0.63%          
400   20    2       2     2057      0.0000    2076           0.92%          
400   20    2       3     2148      0.0000    2151           0.14%          
400   20    2       4     2120      0.0000    2125           0.24%          
400   20    2       5     2145      0.0020    2150           0.23%          
400   20    2       6     2058      0.0010    2063           0.24%          
400   20    2       7     2041      0.0002    2056           0.73%          
400   20    2       8     2173      0.0000    2177           0.18%          
400   20    2       9     2196      0.0000    2202           0.27%          
400   20    2       10    2086      0.0005    2089           0.14%          
400   20    3       1     4750      0.0001    4762           0.25%          
400   20    3       2     5041      0.0000    5054           0.26%          
400   20    3       3     4903      0.0000    4913           0.20%          
400   20    3       4     4947      0.0000    4959           0.24%          
400   20    3       5     4990      0.0000    5001           0.22%          
400   20    3       6     5099      0.0000    5137           0.75%          
400   20    3       7     4952      0.0010    4963           0.22%          
400   20    3       8     4804      0.0002    4820           0.33%          
400   20    3       9     5178      0.0000    5190           0.23%          
400   20    3       10    4902      0.0010    4914           0.24%          
400   20    4       1     1205      0.0000    1205           0.00%          
400   20    4       2     1177      0.0000    1179           0.17%          
400   20    4       3     1209      0.0000    1211           0.17%          
400   20    4       4     1207      0.0000    1210           0.25%          
400   20    4       5     1205      0.0000    1206           0.08%          
400   20    4       6     1184      0.0000    1186           0.17%          
400   20    4       7     1200      0.0000    1203           0.25%          
400   20    4       8     1188      0.0000    1190           0.17%          
400   20    4       9     1182      0.0000    1182           0.00%          
400   20    4       10    1197      0.0000    1200           0.25%          
400   20    5       1     2207      0.0000    2211           0.18%          
400   20    5       2     2213      0.0000    2217           0.18%          
400   20    5       3     2190      0.0000    2193           0.14%          
400   20    5       4     2187      0.0020    2190           0.14%          
400   20    5       5     2209      0.0001    2212           0.14%          
400   20    5       6     2186      0.0000    2190           0.18%          
400   20    5       7     2211      0.0001    2214           0.14%          
400   20    5       8     2240      0.0001    2243           0.13%          
400   20    5       9     2228      0.0000    2229           0.04%          
400   20    5       10    2189      0.0001    2193           0.18%          
400   20    6       1     5211      0.0005    5214           0.06%          
400   20    6       2     5201      0.0000    5206           0.10%          
400   20    6       3     5187      0.0001    5192           0.10%          
400   20    6       4     5202      0.4890    5209           0.13%          
400   20    6       5     5258      0.6440    5267           0.17%          
400   20    6       6     5197      0.0001    5204           0.13%          
400   20    6       7     5163      0.0003    5170           0.14%          
400   20    6       8     5206      0.4360    5275           1.33%          
400   20    6       9     5244      0.0000    5249           0.10%          
400   20    6       10    5190      0.0010    5194           0.08%          
