Jobs  Molds Class   Inst  LB        Time(s)   TS             Gap_TS             
=================================================================================
50    2     1       1     132       0.0010    145            9.85%          
50    2     1       2     135       0.0000    144            6.67%          
50    2     1       3     125       0.0000    162            29.60%         
50    2     1       4     162       0.0000    180            11.11%         
50    2     1       5     118       0.0000    123            4.24%          
50    2     1       6     133       0.0010    137            3.01%          
50    2     1       7     140       0.0000    144            2.86%          
50    2     1       8     130       0.0000    173            33.08%         
50    2     1       9     150       0.0000    160            6.67%          
50    2     1       10    126       0.0000    126            0.00%          
50    2     2       1     252       0.0010    258            2.38%          
50    2     2       2     291       0.0000    316            8.59%          
50    2     2       3     261       0.0000    276            5.75%          
50    2     2       4     299       0.0000    317            6.02%          
50    2     2       5     263       0.0000    274            4.18%          
50    2     2       6     273       0.0000    273            0.00%          
50    2     2       7     249       0.0000    268            7.63%          
50    2     2       8     241       0.0001    275            14.11%         
50    2     2       9     261       0.0000    305            16.86%         
50    2     2       10    267       0.0000    305            14.23%         
50    2     3       1     632       0.0000    772            22.15%         
50    2     3       2     649       0.0000    740            14.02%         
50    2     3       3     500       0.0000    552            10.40%         
50    2     3       4     715       0.8070    979            36.92%         
50    2     3       5     555       0.0000    717            29.19%         
50    2     3       6     748       0.0000    942            25.94%         
50    2     3       7     571       0.0000    619            8.41%          
50    2     3       8     609       0.0000    612            0.49%          
50    2     3       9     616       0.0000    743            20.62%         
50    2     3       10    695       0.0000    788            13.38%         
50    2     4       1     149       0.0000    162            8.72%          
50    2     4       2     151       0.0000    192            27.15%         
50    2     4       3     150       0.0000    163            8.67%          
50    2     4       4     145       0.0000    159            9.66%          
50    2     4       5     151       0.0000    184            21.85%         
50    2     4       6     144       0.0000    144            0.00%          
50    2     4       7     150       0.0000    151            0.67%          
50    2     4       8     161       0.0000    176            9.32%          
50    2     4       9     138       0.0002    139            0.72%          
50    2     4       10    146       0.6320    152            4.11%          
50    2     5       1     277       0.7500    330            19.13%         
50    2     5       2     281       0.0030    287            2.14%          
50    2     5       3     288       0.0020    332            15.28%         
50    2     5       4     278       0.0010    292            5.04%          
50    2     5       5     267       0.0010    282            5.62%          
50    2     5       6     284       0.0001    309            8.80%          
50    2     5       7     280       0.0010    281            0.36%          
50    2     5       8     273       0.0010    288            5.49%          
50    2     5       9     267       0.6050    281            5.24%          
50    2     5       10    279       0.0010    298            6.81%          
50    2     6       1     661       0.4790    740            11.95%         
50    2     6       2     646       0.0020    690            6.81%          
50    2     6       3     666       0.4800    673            1.05%          
50    2     6       4     633       0.0030    718            13.43%         
50    2     6       5     639       0.0010    708            10.80%         
50    2     6       6     656       0.0000    689            5.03%          
50    2     6       7     645       0.0000    661            2.48%          
50    2     6       8     635       0.0000    822            29.45%         
50    2     6       9     648       0.0000    660            1.85%          
50    2     6       10    641       0.0010    714            11.39%         
50    5     1       1     142       0.0000    143            0.70%          
50    5     1       2     137       0.0010    145            5.84%          
50    5     1       3     148       0.0000    150            1.35%          
50    5     1       4     129       0.0000    130            0.78%          
50    5     1       5     148       0.0000    152            2.70%          
50    5     1       6     138       0.0000    141            2.17%          
50    5     1       7     131       0.0000    133            1.53%          
50    5     1       8     139       0.0010    141            1.44%          
50    5     1       9     121       0.0010    136            12.40%         
50    5     1       10    134       0.0010    134            0.00%          
50    5     2       1     256       0.0000    270            5.47%          
50    5     2       2     244       0.0000    261            6.97%          
50    5     2       3     251       0.0000    253            0.80%          
50    5     2       4     289       0.0000    294            1.73%          
50    5     2       5     254       0.0010    268            5.51%          
50    5     2       6     231       0.0000    233            0.87%          
50    5     2       7     278       0.0000    285            2.52%          
50    5     2       8     261       0.0000    267            2.30%          
50    5     2       9     279       0.0000    281            0.72%          
50    5     2       10    302       0.0010    307            1.66%          
50    5     3       1     697       0.0010    734            5.31%          
50    5     3       2     633       0.0010    688            8.69%          
50    5     3       3     612       0.0000    660            7.84%          
50    5     3       4     724       0.4800    784            8.29%          
50    5     3       5     656       0.0020    664            1.22%          
50    5     3       6     592       0.5090    604            2.03%          
50    5     3       7     658       0.0010    680            3.34%          
50    5     3       8     572       0.0010    584            2.10%          
50    5     3       9     627       0.4460    671            7.02%          
50    5     3       10    635       0.0010    647            1.89%          
50    5     4       1     144       0.0000    146            1.39%          
50    5     4       2     147       0.0000    150            2.04%          
50    5     4       3     152       0.0000    155            1.97%          
50    5     4       4     144       0.0000    150            4.17%          
50    5     4       5     151       0.0010    153            1.32%          
50    5     4       6     141       0.0000    143            1.42%          
50    5     4       7     152       0.0000    152            0.00%          
50    5     4       8     155       0.0000    163            5.16%          
50    5     4       9     158       0.0000    161            1.90%          
50    5     4       10    148       0.0001    149            0.68%          
50    5     5       1     260       0.0000    263            1.15%          
50    5     5       2     273       0.0010    276            1.10%          
50    5     5       3     277       0.0000    283            2.17%          
50    5     5       4     264       0.0000    265            0.38%          
50    5     5       5     283       0.0000    286            1.06%          
50    5     5       6     267       0.0000    278            4.12%          
50    5     5       7     268       0.0000    269            0.37%          
50    5     5       8     267       0.0000    271            1.50%          
50    5     5       9     281       0.0010    283            0.71%          
50    5     5       10    282       0.0010    284            0.71%          
50    5     6       1     637       0.0000    641            0.63%          
50    5     6       2     641       0.0000    644            0.47%          
50    5     6       3     637       0.0000    661            3.77%          
50    5     6       4     634       0.0000    641            1.10%          
50    5     6       5     636       0.4850    643            1.10%          
50    5     6       6     658       0.0020    692            5.17%          
50    5     6       7     667       0.0010    671            0.60%          
50    5     6       8     637       0.5060    640            0.47%          
50    5     6       9     682       0.0020    685            0.44%          
50    5     6       10    659       0.5290    662            0.46%          
50    10    1       1     139       0.0020    141            1.44%          
50    10    1       2     151       0.0020    158            4.64%          
50    10    1       3     116       0.0020    118            1.72%          
50    10    1       4     142       0.0000    142            0.00%          
50    10    1       5     139       0.0000    141            1.44%          
50    10    1       6     126       0.0000    127            0.79%          
50    10    1       7     127       0.0000    129            1.57%          
50    10    1       8     150       0.0010    158            5.33%          
50    10    1       9     144       0.0040    147            2.08%          
50    10    1       10    140       0.0010    144            2.86%          
50    10    2       1     296       0.5550    297            0.34%          
50    10    2       2     244       0.0060    264            8.20%          
50    10    2       3     261       0.0030    265            1.53%          
50    10    2       4     268       0.0030    272            1.49%          
50    10    2       5     271       0.0020    277            2.21%          
50    10    2       6     308       0.0010    315            2.27%          
50    10    2       7     270       0.0020    274            1.48%          
50    10    2       8     271       0.0010    276            1.85%          
50    10    2       9     278       0.0010    282            1.44%          
50    10    2       10    256       0.0030    261            1.95%          
50    10    3       1     563       0.0010    570            1.24%          
50    10    3       2     748       0.0010    758            1.34%          
50    10    3       3     732       0.5850    746            1.91%          
50    10    3       4     717       0.0020    726            1.26%          
50    10    3       5     631       0.0020    655            3.80%          
50    10    3       6     603       0.0000    638            5.80%          
50    10    3       7     673       0.0000    683            1.49%          
50    10    3       8     651       0.0000    665            2.15%          
50    10    3       9     606       0.4890    626            3.30%          
50    10    3       10    679       0.0020    688            1.33%          
50    10    4       1     159       0.0010    161            1.26%          
50    10    4       2     150       0.0010    152            1.33%          
50    10    4       3     146       0.0000    148            1.37%          
50    10    4       4     152       0.0000    160            5.26%          
50    10    4       5     153       0.0000    155            1.31%          
50    10    4       6     148       0.0000    150            1.35%          
50    10    4       7     149       0.0000    149            0.00%          
50    10    4       8     146       0.0000    152            4.11%          
50    10    4       9     144       0.0000    145            0.69%          
50    10    4       10    150       0.0010    151            0.67%          
50    10    5       1     279       0.0000    281            0.72%          
50    10    5       2     268       0.0000    271            1.12%          
50    10    5       3     284       0.4620    288            1.41%          
50    10    5       4     270       0.0010    273            1.11%          
50    10    5       5     281       0.5400    286            1.78%          
50    10    5       6     279       0.0020    281            0.72%          
50    10    5       7     274       0.0010    277            1.09%          
50    10    5       8     269       0.0010    271            0.74%          
50    10    5       9     275       0.0010    279            1.45%          
50    10    5       10    289       0.0001    289            0.00%          
50    10    6       1     654       0.0000    657            0.46%          
50    10    6       2     652       0.5140    657            0.77%          
50    10    6       3     634       0.0020    639            0.79%          
50    10    6       4     643       0.0010    644            0.16%          
50    10    6       5     649       0.0000    650            0.15%          
50    10    6       6     652       0.0000    658            0.92%          
50    10    6       7     649       0.0000    651            0.31%          
50    10    6       8     656       0.0000    660            0.61%          
50    10    6       9     660       0.0000    661            0.15%          
50    10    6       10    649       0.0000    653            0.62%          
50    15    1       1     122       0.0000    125            2.46%          
50    15    1       2     140       0.0010    142            1.43%          
50    15    1       3     151       0.0000    155            2.65%          
50    15    1       4     145       0.0000    148            2.07%          
50    15    1       5     137       0.0000    140            2.19%          
50    15    1       6     143       0.0000    144            0.70%          
50    15    1       7     136       0.0000    139            2.21%          
50    15    1       8     125       0.0000    126            0.80%          
50    15    1       9     139       0.0000    141            1.44%          
50    15    1       10    127       0.0000    128            0.79%          
50    15    2       1     283       0.0000    285            0.71%          
50    15    2       2     225       0.0000    233            3.56%          
50    15    2       3     280       0.0000    285            1.79%          
50    15    2       4     278       0.0000    293            5.40%          
50    15    2       5     285       0.0010    290            1.75%          
50    15    2       6     288       0.0000    294            2.08%          
50    15    2       7     229       0.0000    231            0.87%          
50    15    2       8     254       0.0000    258            1.57%          
50    15    2       9     289       0.0000    293            1.38%          
50    15    2       10    279       0.0000    286            2.51%          
50    15    3       1     618       0.0000    631            2.10%          
50    15    3       2     585       0.0000    593            1.37%          
50    15    3       3     602       0.0000    615            2.16%          
50    15    3       4     710       0.0000    723            1.83%          
50    15    3       5     682       0.0000    695            1.91%          
50    15    3       6     672       0.0000    681            1.34%          
50    15    3       7     619       0.0000    623            0.65%          
50    15    3       8     591       0.0000    599            1.35%          
50    15    3       9     523       0.0000    530            1.34%          
50    15    3       10    598       0.0010    612            2.34%          
50    15    4       1     153       0.0010    155            1.31%          
50    15    4       2     150       0.0010    152            1.33%          
50    15    4       3     142       0.0000    144            1.41%          
50    15    4       4     149       0.0000    151            1.34%          
50    15    4       5     160       0.0000    162            1.25%          
50    15    4       6     145       0.0000    147            1.38%          
50    15    4       7     153       0.0000    154            0.65%          
50    15    4       8     146       0.0000    146            0.00%          
50    15    4       9     149       0.0000    149            0.00%          
50    15    4       10    154       0.0000    156            1.30%          
50    15    5       1     276       0.0000    279            1.09%          
50    15    5       2     276       0.0000    278            0.72%          
50    15    5       3     279       0.0000    281            0.72%          
50    15    5       4     292       0.0010    295            1.03%          
50    15    5       5     287       0.0010    287            0.00%          
50    15    5       6     277       0.0000    279            0.72%          
50    15    5       7     290       0.0000    293            1.03%          
50    15    5       8     273       0.0000    275            0.73%          
50    15    5       9     271       0.5110    284            4.80%          
50    15    5       10    271       0.0020    274            1.11%          
50    15    6       1     641       0.0010    646            0.78%          
50    15    6       2     678       0.0010    681            0.44%          
50    15    6       3     627       0.4420    630            0.48%          
50    15    6       4     638       0.4510    643            0.78%          
50    15    6       5     638       0.4920    646            1.25%          
50    15    6       6     653       0.0020    657            0.61%          
50    15    6       7     659       0.0020    659            0.00%          
50    15    6       8     665       0.0010    671            0.90%          
50    15    6       9     656       0.0000    658            0.30%          
50    15    6       10    646       0.5010    654            1.24%          
50    20    1       1     118       0.0020    119            0.85%          
50    20    1       2     125       0.0020    127            1.60%          
50    20    1       3     155       0.0020    155            0.00%          
50    20    1       4     136       0.0010    139            2.21%          
50    20    1       5     120       0.0000    121            0.83%          
50    20    1       6     142       0.0000    153            7.75%          
50    20    1       7     133       0.0000    133            0.00%          
50    20    1       8     149       0.0000    151            1.34%          
50    20    1       9     143       0.0000    144            0.70%          
50    20    1       10    138       0.0010    140            1.45%          
50    20    2       1     256       0.0010    271            5.86%          
50    20    2       2     217       0.0000    217            0.00%          
50    20    2       3     227       0.0000    233            2.64%          
50    20    2       4     232       0.0000    237            2.16%          
50    20    2       5     229       0.0000    229            0.00%          
50    20    2       6     283       0.0000    288            1.77%          
50    20    2       7     250       0.0000    254            1.60%          
50    20    2       8     263       0.0000    278            5.70%          
50    20    2       9     288       0.0000    293            1.74%          
50    20    2       10    258       0.0000    264            2.33%          
50    20    3       1     640       0.4720    657            2.66%          
50    20    3       2     642       0.4530    656            2.18%          
50    20    3       3     630       0.0020    646            2.54%          
50    20    3       4     617       0.0010    628            1.78%          
50    20    3       5     691       0.0001    704            1.88%          
50    20    3       6     703       0.4610    718            2.13%          
50    20    3       7     622       0.0010    633            1.77%          
50    20    3       8     623       0.0010    623            0.00%          
50    20    3       9     745       0.4260    755            1.34%          
50    20    3       10    706       0.0030    716            1.42%          
50    20    4       1     148       0.0000    150            1.35%          
50    20    4       2     154       0.0000    155            0.65%          
50    20    4       3     149       0.0000    150            0.67%          
50    20    4       4     145       0.0000    147            1.38%          
50    20    4       5     151       0.0000    154            1.99%          
50    20    4       6     146       0.0000    147            0.68%          
50    20    4       7     152       0.0000    154            1.32%          
50    20    4       8     150       0.0000    152            1.33%          
50    20    4       9     147       0.0000    147            0.00%          
50    20    4       10    154       0.0000    155            0.65%          
50    20    5       1     270       0.0000    274            1.48%          
50    20    5       2     286       0.0000    288            0.70%          
50    20    5       3     271       0.0000    271            0.00%          
50    20    5       4     278       0.0020    280            0.72%          
50    20    5       5     277       0.0010    282            1.81%          
50    20    5       6     267       0.0000    270            1.12%          
50    20    5       7     277       0.0000    280            1.08%          
50    20    5       8     272       0.4860    277            1.84%          
50    20    5       9     272       0.0020    274            0.74%          
50    20    5       10    275       0.0010    277            0.73%          
50    20    6       1     655       0.0010    658            0.46%          
50    20    6       2     639       0.0010    642            0.47%          
50    20    6       3     661       0.0000    664            0.45%          
50    20    6       4     649       0.0000    653            0.62%          
50    20    6       5     658       0.5070    685            4.10%          
50    20    6       6     640       0.0020    644            0.62%          
50    20    6       7     644       0.5240    649            0.78%          
50    20    6       8     656       0.0030    663            1.07%          
50    20    6       9     646       0.0010    647            0.15%          
50    20    6       10    660       0.0000    665            0.76%          
100   2     1       1     270       0.0000    290            7.41%          
100   2     1       2     260       0.0010    264            1.54%          
100   2     1       3     271       0.0001    288            6.27%          
100   2     1       4     277       0.0000    307            10.83%         
100   2     1       5     282       0.0000    291            3.19%          
100   2     1       6     270       0.0000    283            4.81%          
100   2     1       7     287       0.0000    289            0.70%          
100   2     1       8     297       0.0000    330            11.11%         
100   2     1       9     255       0.0000    301            18.04%         
100   2     1       10    293       0.0020    315            7.51%          
100   2     2       1     505       0.0000    518            2.57%          
100   2     2       2     562       0.0001    651            15.84%         
100   2     2       3     544       0.0000    553            1.65%          
100   2     2       4     510       0.0000    572            12.16%         
100   2     2       5     528       0.0000    565            7.01%          
100   2     2       6     528       0.0000    603            14.20%         
100   2     2       7     495       0.0010    508            2.63%          
100   2     2       8     579       0.0010    585            1.04%          
100   2     2       9     480       0.0010    507            5.62%          
100   2     2       10    528       0.0010    600            13.64%         
100   2     3       1     1207      0.0001    1267           4.97%          
100   2     3       2     1260      0.0001    1476           17.14%         
100   2     3       3     1278      0.0000    1330           4.07%          
100   2     3       4     1138      0.0000    1152           1.23%          
100   2     3       5     1218      0.0000    1392           14.29%         
100   2     3       6     1270      0.0000    1322           4.09%          
100   2     3       7     1259      0.0000    1284           1.99%          
100   2     3       8     1311      0.0000    1521           16.02%         
100   2     3       9     1192      0.0000    1270           6.54%          
100   2     3       10    1307      0.0000    1547           18.36%         
100   2     4       1     291       0.0000    300            3.09%          
100   2     4       2     323       0.0010    343            6.19%          
100   2     4       3     300       0.0000    307            2.33%          
100   2     4       4     297       0.0000    315            6.06%          
100   2     4       5     297       0.0000    317            6.73%          
100   2     4       6     291       0.0000    321            10.31%         
100   2     4       7     302       0.0000    322            6.62%          
100   2     4       8     295       0.0000    303            2.71%          
100   2     4       9     308       0.0000    330            7.14%          
100   2     4       10    299       0.0000    373            24.75%         
100   2     5       1     534       0.0000    557            4.31%          
100   2     5       2     537       0.0000    558            3.91%          
100   2     5       3     554       0.0000    614            10.83%         
100   2     5       4     538       0.0000    567            5.39%          
100   2     5       5     540       0.0010    586            8.52%          
100   2     5       6     564       0.5070    588            4.26%          
100   2     5       7     560       0.0010    596            6.43%          
100   2     5       8     528       0.0000    577            9.28%          
100   2     5       9     551       0.0010    631            14.52%         
100   2     5       10    528       0.0010    640            21.21%         
100   2     6       1     1330      0.5010    1495           12.41%         
100   2     6       2     1286      0.5780    1341           4.28%          
100   2     6       3     1291      0.0020    1305           1.08%          
100   2     6       4     1310      0.0001    1397           6.64%          
100   2     6       5     1309      0.5130    1348           2.98%          
100   2     6       6     1310      0.0030    1432           9.31%          
100   2     6       7     1320      0.0010    1367           3.56%          
100   2     6       8     1284      0.0000    1301           1.32%          
100   2     6       9     1309      0.0001    1494           14.13%         
100   2     6       10    1307      0.0000    1492           14.15%         
100   5     1       1     266       0.0000    267            0.38%          
100   5     1       2     262       0.0000    264            0.76%          
100   5     1       3     258       0.0000    260            0.78%          
100   5     1       4     272       0.0010    273            0.37%          
100   5     1       5     279       0.0000    281            0.72%          
100   5     1       6     286       0.0000    289            1.05%          
100   5     1       7     275       0.0000    276            0.36%          
100   5     1       8     252       0.0000    254            0.79%          
100   5     1       9     299       0.0000    302            1.00%          
100   5     1       10    257       0.0000    259            0.78%          
100   5     2       1     567       0.0000    573            1.06%          
100   5     2       2     561       0.0000    564            0.53%          
100   5     2       3     483       0.0000    496            2.69%          
100   5     2       4     529       0.0000    536            1.32%          
100   5     2       5     535       0.0000    561            4.86%          
100   5     2       6     442       0.0000    446            0.90%          
100   5     2       7     518       0.0000    523            0.97%          
100   5     2       8     533       0.0010    536            0.56%          
100   5     2       9     537       0.0010    559            4.10%          
100   5     2       10    508       0.0010    509            0.20%          
100   5     3       1     1314      0.0000    1327           0.99%          
100   5     3       2     1219      0.0000    1223           0.33%          
100   5     3       3     1279      0.0000    1314           2.74%          
100   5     3       4     1284      0.0000    1291           0.55%          
100   5     3       5     1389      0.0000    1400           0.79%          
100   5     3       6     1280      0.0000    1299           1.48%          
100   5     3       7     1247      0.0000    1254           0.56%          
100   5     3       8     1291      0.0000    1303           0.93%          
100   5     3       9     1279      0.0000    1293           1.09%          
100   5     3       10    1264      0.0000    1307           3.40%          
100   5     4       1     302       0.0010    310            2.65%          
100   5     4       2     297       0.0020    297            0.00%          
100   5     4       3     290       0.0010    291            0.34%          
100   5     4       4     304       0.0000    306            0.66%          
100   5     4       5     292       0.0000    293            0.34%          
100   5     4       6     301       0.0000    303            0.66%          
100   5     4       7     290       0.0000    292            0.69%          
100   5     4       8     302       0.0000    305            0.99%          
100   5     4       9     308       0.0000    310            0.65%          
100   5     4       10    304       0.0000    307            0.99%          
100   5     5       1     536       0.0000    537            0.19%          
100   5     5       2     560       0.0000    562            0.36%          
100   5     5       3     540       0.5100    540            0.00%          
100   5     5       4     540       0.0010    544            0.74%          
100   5     5       5     558       0.0010    562            0.72%          
100   5     5       6     538       0.0010    543            0.93%          
100   5     5       7     570       0.0001    577            1.23%          
100   5     5       8     559       0.0000    561            0.36%          
100   5     5       9     550       0.0000    554            0.73%          
100   5     5       10    550       0.0000    554            0.73%          
100   5     6       1     1310      0.0000    1316           0.46%          
100   5     6       2     1308      0.0000    1312           0.31%          
100   5     6       3     1276      0.0000    1311           2.74%          
100   5     6       4     1284      0.0000    1290           0.47%          
100   5     6       5     1298      0.0000    1323           1.93%          
100   5     6       6     1315      0.0000    1318           0.23%          
100   5     6       7     1339      0.0000    1342           0.22%          
100   5     6       8     1281      0.0000    1313           2.50%          
100   5     6       9     1293      0.0000    1294           0.08%          
100   5     6       10    1298      0.0010    1302           0.31%          
100   10    1       1     276       0.0001    278            0.72%          
100   10    1       2     289       0.0000    297            2.77%          
100   10    1       3     293       0.0000    295            0.68%          
100   10    1       4     270       0.0000    273            1.11%          
100   10    1       5     285       0.0000    288            1.05%          
100   10    1       6     274       0.0000    276            0.73%          
100   10    1       7     293       0.0000    296            1.02%          
100   10    1       8     254       0.0000    255            0.39%          
100   10    1       9     288       0.0000    291            1.04%          
100   10    1       10    269       0.0000    272            1.12%          
100   10    2       1     520       0.0000    527            1.35%          
100   10    2       2     538       0.0000    542            0.74%          
100   10    2       3     528       0.0010    533            0.95%          
100   10    2       4     531       0.0010    540            1.69%          
100   10    2       5     515       0.0010    519            0.78%          
100   10    2       6     548       0.0010    552            0.73%          
100   10    2       7     497       0.0000    500            0.60%          
100   10    2       8     535       0.0000    541            1.12%          
100   10    2       9     483       0.0000    490            1.45%          
100   10    2       10    536       0.0000    542            1.12%          
100   10    3       1     1216      0.0000    1225           0.74%          
100   10    3       2     1301      0.0000    1336           2.69%          
100   10    3       3     1268      0.0000    1279           0.87%          
100   10    3       4     1321      0.4670    1337           1.21%          
100   10    3       5     1301      0.0010    1337           2.77%          
100   10    3       6     1269      0.0010    1307           2.99%          
100   10    3       7     1280      0.0010    1294           1.09%          
100   10    3       8     1201      0.0000    1212           0.92%          
100   10    3       9     1258      0.0000    1274           1.27%          
100   10    3       10    1291      0.0000    1304           1.01%          
100   10    4       1     303       0.0010    311            2.64%          
100   10    4       2     308       0.0010    311            0.97%          
100   10    4       3     287       0.0010    292            1.74%          
100   10    4       4     298       0.0010    300            0.67%          
100   10    4       5     316       0.0010    317            0.32%          
100   10    4       6     291       0.4700    294            1.03%          
100   10    4       7     297       0.0020    299            0.67%          
100   10    4       8     303       0.0010    304            0.33%          
100   10    4       9     301       0.0000    302            0.33%          
100   10    4       10    299       0.0000    301            0.67%          
100   10    5       1     556       0.0000    559            0.54%          
100   10    5       2     545       0.0000    547            0.37%          
100   10    5       3     546       0.0000    550            0.73%          
100   10    5       4     541       0.4660    542            0.18%          
100   10    5       5     527       0.0020    530            0.57%          
100   10    5       6     552       0.0010    555            0.54%          
100   10    5       7     566       0.0010    569            0.53%          
100   10    5       8     552       0.0000    554            0.36%          
100   10    5       9     533       0.0000    536            0.56%          
100   10    5       10    536       0.0000    541            0.93%          
100   10    6       1     1309      0.0000    1310           0.08%          
100   10    6       2     1340      0.0000    1346           0.45%          
100   10    6       3     1264      0.0000    1266           0.16%          
100   10    6       4     1310      0.0000    1315           0.38%          
100   10    6       5     1304      0.0010    1310           0.46%          
100   10    6       6     1294      0.0000    1300           0.46%          
100   10    6       7     1273      0.0000    1277           0.31%          
100   10    6       8     1314      0.0000    1317           0.23%          
100   10    6       9     1283      0.5730    1287           0.31%          
100   10    6       10    1303      0.5130    1311           0.61%          
100   15    1       1     298       0.0020    299            0.34%          
100   15    1       2     282       0.0010    284            0.71%          
100   15    1       3     278       0.0010    281            1.08%          
100   15    1       4     261       0.0010    263            0.77%          
100   15    1       5     248       0.0010    250            0.81%          
100   15    1       6     260       0.0010    263            1.15%          
100   15    1       7     272       0.0000    273            0.37%          
100   15    1       8     293       0.0000    300            2.39%          
100   15    1       9     269       0.0001    271            0.74%          
100   15    1       10    264       0.0000    266            0.76%          
100   15    2       1     550       0.0000    555            0.91%          
100   15    2       2     558       0.0010    563            0.90%          
100   15    2       3     583       0.0000    588            0.86%          
100   15    2       4     500       0.0000    504            0.80%          
100   15    2       5     503       0.0010    508            0.99%          
100   15    2       6     531       0.0001    538            1.32%          
100   15    2       7     513       0.0000    517            0.78%          
100   15    2       8     499       0.0000    505            1.20%          
100   15    2       9     527       0.0000    530            0.57%          
100   15    2       10    484       0.0000    489            1.03%          
100   15    3       1     1263      0.0000    1275           0.95%          
100   15    3       2     1343      0.0000    1356           0.97%          
100   15    3       3     1314      0.0000    1328           1.07%          
100   15    3       4     1310      0.0000    1317           0.53%          
100   15    3       5     1335      0.0000    1347           0.90%          
100   15    3       6     1242      0.0000    1257           1.21%          
100   15    3       7     1147      0.0000    1159           1.05%          
100   15    3       8     1157      0.0010    1168           0.95%          
100   15    3       9     1177      0.0010    1220           3.65%          
100   15    3       10    1277      0.0001    1293           1.25%          
100   15    4       1     301       0.0000    303            0.66%          
100   15    4       2     297       0.0000    298            0.34%          
100   15    4       3     300       0.0000    303            1.00%          
100   15    4       4     298       0.0000    299            0.34%          
100   15    4       5     302       0.0000    311            2.98%          
100   15    4       6     294       0.5310    296            0.68%          
100   15    4       7     314       0.0020    315            0.32%          
100   15    4       8     289       0.0010    292            1.04%          
100   15    4       9     291       0.0010    293            0.69%          
100   15    4       10    296       0.0000    298            0.68%          
100   15    5       1     557       0.0002    558            0.18%          
100   15    5       2     540       0.0000    542            0.37%          
100   15    5       3     550       0.0000    552            0.36%          
100   15    5       4     538       0.5010    540            0.37%          
100   15    5       5     539       0.0020    542            0.56%          
100   15    5       6     551       0.0010    554            0.54%          
100   15    5       7     551       0.4640    555            0.73%          
100   15    5       8     550       0.0020    554            0.73%          
100   15    5       9     534       0.0000    537            0.56%          
100   15    5       10    548       0.0000    551            0.55%          
100   15    6       1     1301      0.5160    1305           0.31%          
100   15    6       2     1318      0.0020    1323           0.38%          
100   15    6       3     1282      0.4870    1285           0.23%          
100   15    6       4     1315      0.5880    1320           0.38%          
100   15    6       5     1302      0.0020    1305           0.23%          
100   15    6       6     1262      0.0001    1267           0.40%          
100   15    6       7     1314      0.4710    1319           0.38%          
100   15    6       8     1290      0.0010    1317           2.09%          
100   15    6       9     1259      0.4680    1269           0.79%          
100   15    6       10    1277      0.0020    1309           2.51%          
100   20    1       1     280       0.0030    283            1.07%          
100   20    1       2     269       0.0000    277            2.97%          
100   20    1       3     265       0.0000    267            0.75%          
100   20    1       4     249       0.0000    250            0.40%          
100   20    1       5     252       0.0000    256            1.59%          
100   20    1       6     275       0.0000    276            0.36%          
100   20    1       7     266       0.0000    268            0.75%          
100   20    1       8     277       0.0002    280            1.08%          
100   20    1       9     284       0.0000    285            0.35%          
100   20    1       10    261       0.0000    262            0.38%          
100   20    2       1     524       0.0000    525            0.19%          
100   20    2       2     511       0.0000    514            0.59%          
100   20    2       3     534       0.0000    537            0.56%          
100   20    2       4     541       0.0000    547            1.11%          
100   20    2       5     530       0.0000    535            0.94%          
100   20    2       6     560       0.0001    564            0.71%          
100   20    2       7     556       0.0010    560            0.72%          
100   20    2       8     527       0.0010    531            0.76%          
100   20    2       9     542       0.0010    545            0.55%          
100   20    2       10    488       0.0010    492            0.82%          
100   20    3       1     1321      0.0000    1332           0.83%          
100   20    3       2     1223      0.0010    1237           1.14%          
100   20    3       3     1301      0.0001    1310           0.69%          
100   20    3       4     1342      0.0000    1355           0.97%          
100   20    3       5     1267      0.0000    1281           1.10%          
100   20    3       6     1337      0.0000    1350           0.97%          
100   20    3       7     1228      0.0000    1240           0.98%          
100   20    3       8     1268      0.0000    1278           0.79%          
100   20    3       9     1271      0.0000    1283           0.94%          
100   20    3       10    1332      0.0010    1343           0.83%          
100   20    4       1     299       0.0000    300            0.33%          
100   20    4       2     288       0.0000    290            0.69%          
100   20    4       3     304       0.0000    307            0.99%          
100   20    4       4     309       0.0010    312            0.97%          
100   20    4       5     312       0.0010    313            0.32%          
100   20    4       6     306       0.0000    307            0.33%          
100   20    4       7     303       0.0000    306            0.99%          
100   20    4       8     295       0.0000    298            1.02%          
100   20    4       9     296       0.0000    297            0.34%          
100   20    4       10    312       0.0000    313            0.32%          
100   20    5       1     580       0.0000    583            0.52%          
100   20    5       2     555       0.0000    557            0.36%          
100   20    5       3     543       0.0000    545            0.37%          
100   20    5       4     543       0.0000    547            0.74%          
100   20    5       5     534       0.0000    536            0.37%          
100   20    5       6     543       0.0000    545            0.37%          
100   20    5       7     568       0.0000    571            0.53%          
100   20    5       8     545       0.0000    550            0.92%          
100   20    5       9     545       0.0000    546            0.18%          
100   20    5       10    545       0.0000    547            0.37%          
100   20    6       1     1295      0.5320    1298           0.23%          
100   20    6       2     1279      0.0040    1284           0.39%          
100   20    6       3     1299      0.0040    1301           0.15%          
100   20    6       4     1311      0.0003    1315           0.31%          
100   20    6       5     1296      0.0010    1301           0.39%          
100   20    6       6     1324      0.0010    1329           0.38%          
100   20    6       7     1269      0.0040    1274           0.39%          
100   20    6       8     1282      0.0000    1288           0.47%          
100   20    6       9     1303      0.0020    1306           0.23%          
100   20    6       10    1277      0.0030    1282           0.39%          
150   2     1       1     416       0.0010    439            5.53%          
150   2     1       2     412       0.0020    464            12.62%         
150   2     1       3     424       0.0001    436            2.83%          
150   2     1       4     416       0.0000    461            10.82%         
150   2     1       5     406       0.0001    417            2.71%          
150   2     1       6     461       0.0000    509            10.41%         
150   2     1       7     385       0.0010    414            7.53%          
150   2     1       8     403       0.0010    453            12.41%         
150   2     1       9     402       0.0010    431            7.21%          
150   2     1       10    422       0.0010    495            17.30%         
150   2     2       1     797       0.0050    823            3.26%          
150   2     2       2     793       0.0001    828            4.41%          
150   2     2       3     868       0.0000    883            1.73%          
150   2     2       4     863       0.0020    949            9.97%          
150   2     2       5     817       0.0001    844            3.30%          
150   2     2       6     810       0.0010    847            4.57%          
150   2     2       7     772       0.0010    804            4.15%          
150   2     2       8     827       0.0020    830            0.36%          
150   2     2       9     730       0.0010    834            14.25%         
150   2     2       10    769       0.0010    774            0.65%          
150   2     3       1     1830      0.0010    1883           2.90%          
150   2     3       2     1778      0.0000    2274           27.90%         
150   2     3       3     1972      0.0001    2074           5.17%          
150   2     3       4     2057      0.0010    2346           14.05%         
150   2     3       5     2062      0.0000    2373           15.08%         
150   2     3       6     1765      0.0000    2040           15.58%         
150   2     3       7     1847      0.0003    1974           6.88%          
150   2     3       8     1908      0.0010    1960           2.73%          
150   2     3       9     1866      0.0030    2154           15.43%         
150   2     3       10    1896      0.0010    2060           8.65%          
150   2     4       1     436       0.0002    468            7.34%          
150   2     4       2     439       0.0000    474            7.97%          
150   2     4       3     446       0.0020    499            11.88%         
150   2     4       4     450       0.0010    540            20.00%         
150   2     4       5     459       0.0002    534            16.34%         
150   2     4       6     455       0.0020    498            9.45%          
150   2     4       7     454       0.0010    456            0.44%          
150   2     4       8     457       0.0000    477            4.38%          
150   2     4       9     455       0.0000    465            2.20%          
150   2     4       10    448       0.0001    492            9.82%          
150   2     5       1     812       0.0020    853            5.05%          
150   2     5       2     845       0.5620    906            7.22%          
150   2     5       3     834       0.0020    836            0.24%          
150   2     5       4     804       0.0010    902            12.19%         
150   2     5       5     821       0.0010    930            13.28%         
150   2     5       6     825       0.0010    1012           22.67%         
150   2     5       7     837       0.0001    852            1.79%          
150   2     5       8     825       0.0005    939            13.82%         
150   2     5       9     855       0.0002    924            8.07%          
150   2     5       10    821       0.0000    879            7.06%          
150   2     6       1     1911      0.0000    2001           4.71%          
150   2     6       2     1939      0.0000    1989           2.58%          
150   2     6       3     1968      0.0000    2127           8.08%          
150   2     6       4     1921      0.5180    2155           12.18%         
150   2     6       5     1971      0.0020    2004           1.67%          
150   2     6       6     1931      0.0010    2120           9.79%          
150   2     6       7     1982      0.0010    2119           6.91%          
150   2     6       8     1932      0.5520    2038           5.49%          
150   2     6       9     1938      0.0020    1997           3.04%          
150   2     6       10    1963      0.0010    2107           7.34%          
150   5     1       1     396       0.0010    399            0.76%          
150   5     1       2     439       0.0010    441            0.46%          
150   5     1       3     403       0.0010    404            0.25%          
150   5     1       4     433       0.0001    438            1.15%          
150   5     1       5     400       0.0000    404            1.00%          
150   5     1       6     437       0.0000    443            1.37%          
150   5     1       7     406       0.0010    408            0.49%          
150   5     1       8     420       0.0000    421            0.24%          
150   5     1       9     428       0.0000    431            0.70%          
150   5     1       10    420       0.0000    420            0.00%          
150   5     2       1     824       0.0000    829            0.61%          
150   5     2       2     853       0.0000    856            0.35%          
150   5     2       3     720       0.0010    725            0.69%          
150   5     2       4     794       0.0010    809            1.89%          
150   5     2       5     784       0.0000    790            0.77%          
150   5     2       6     796       0.0000    801            0.63%          
150   5     2       7     786       0.0000    791            0.64%          
150   5     2       8     783       0.0000    816            4.21%          
150   5     2       9     821       0.0001    828            0.85%          
150   5     2       10    773       0.0000    787            1.81%          
150   5     3       1     1997      0.0000    2009           0.60%          
150   5     3       2     1818      0.0000    1831           0.72%          
150   5     3       3     2019      0.0000    2030           0.54%          
150   5     3       4     1888      0.0000    1896           0.42%          
150   5     3       5     2025      0.0000    2038           0.64%          
150   5     3       6     2039      0.0010    2099           2.94%          
150   5     3       7     1970      0.0000    1977           0.36%          
150   5     3       8     1985      0.0020    2026           2.07%          
150   5     3       9     1923      0.0010    1931           0.42%          
150   5     3       10    1835      0.0010    1852           0.93%          
150   5     4       1     441       0.0000    443            0.45%          
150   5     4       2     446       0.0000    447            0.22%          
150   5     4       3     452       0.0000    455            0.66%          
150   5     4       4     448       0.0000    449            0.22%          
150   5     4       5     456       0.0000    459            0.66%          
150   5     4       6     451       0.0000    454            0.67%          
150   5     4       7     451       0.0000    454            0.67%          
150   5     4       8     456       0.0000    457            0.22%          
150   5     4       9     447       0.0000    450            0.67%          
150   5     4       10    436       0.0001    438            0.46%          
150   5     5       1     815       0.0000    817            0.25%          
150   5     5       2     814       0.0000    816            0.25%          
150   5     5       3     816       0.0020    819            0.37%          
150   5     5       4     833       0.0010    838            0.60%          
150   5     5       5     806       0.0000    809            0.37%          
150   5     5       6     810       0.0000    813            0.37%          
150   5     5       7     840       0.0000    844            0.48%          
150   5     5       8     818       0.0000    823            0.61%          
150   5     5       9     814       0.6060    819            0.61%          
150   5     5       10    819       0.6120    824            0.61%          
150   5     6       1     1957      0.0010    1968           0.56%          
150   5     6       2     1944      0.0010    1945           0.05%          
150   5     6       3     1902      0.6380    1929           1.42%          
150   5     6       4     1975      0.0010    1979           0.20%          
150   5     6       5     1947      0.0010    1950           0.15%          
150   5     6       6     1937      0.0010    1948           0.57%          
150   5     6       7     1977      0.0003    1982           0.25%          
150   5     6       8     1945      0.0000    1975           1.54%          
150   5     6       9     1949      0.0000    1951           0.10%          
150   5     6       10    1989      0.0000    2030           2.06%          
150   10    1       1     425       0.0010    428            0.71%          
150   10    1       2     396       0.0000    399            0.76%          
150   10    1       3     420       0.0000    421            0.24%          
150   10    1       4     408       0.0001    410            0.49%          
150   10    1       5     442       0.0010    443            0.23%          
150   10    1       6     449       0.0000    451            0.45%          
150   10    1       7     409       0.0000    412            0.73%          
150   10    1       8     410       0.0000    417            1.71%          
150   10    1       9     392       0.0000    394            0.51%          
150   10    1       10    404       0.0000    407            0.74%          
150   10    2       1     862       0.0000    868            0.70%          
150   10    2       2     792       0.0000    794            0.25%          
150   10    2       3     815       0.0000    819            0.49%          
150   10    2       4     853       0.0000    860            0.82%          
150   10    2       5     793       0.0000    798            0.63%          
150   10    2       6     852       0.0000    854            0.23%          
150   10    2       7     820       0.0000    824            0.49%          
150   10    2       8     762       0.0000    779            2.23%          
150   10    2       9     776       0.0000    782            0.77%          
150   10    2       10    728       0.0000    733            0.69%          
150   10    3       1     1831      0.0000    1840           0.49%          
150   10    3       2     1827      0.0001    1838           0.60%          
150   10    3       3     1887      0.0000    1901           0.74%          
150   10    3       4     1993      0.0000    2008           0.75%          
150   10    3       5     1916      0.0000    1957           2.14%          
150   10    3       6     1843      0.0000    1856           0.71%          
150   10    3       7     1995      0.0000    2011           0.80%          
150   10    3       8     1846      0.0000    1854           0.43%          
150   10    3       9     2005      0.0000    2015           0.50%          
150   10    3       10    1966      0.0000    1976           0.51%          
150   10    4       1     463       0.0000    464            0.22%          
150   10    4       2     463       0.0000    465            0.43%          
150   10    4       3     447       0.0030    449            0.45%          
150   10    4       4     445       0.0010    447            0.45%          
150   10    4       5     467       0.0001    470            0.64%          
150   10    4       6     447       0.0000    450            0.67%          
150   10    4       7     439       0.0000    441            0.46%          
150   10    4       8     466       0.0000    469            0.64%          
150   10    4       9     473       0.0000    476            0.63%          
150   10    4       10    458       0.0000    459            0.22%          
150   10    5       1     837       0.0000    839            0.24%          
150   10    5       2     831       0.0000    835            0.48%          
150   10    5       3     825       0.0000    826            0.12%          
150   10    5       4     836       0.0000    840            0.48%          
150   10    5       5     825       0.0000    826            0.12%          
150   10    5       6     818       0.0000    822            0.49%          
150   10    5       7     853       0.0010    858            0.59%          
150   10    5       8     819       0.0010    822            0.37%          
150   10    5       9     827       0.0000    830            0.36%          
150   10    5       10    834       0.0000    848            1.68%          
150   10    6       1     1965      0.5000    1970           0.25%          
150   10    6       2     1944      0.0010    1975           1.59%          
150   10    6       3     1955      0.0010    1960           0.26%          
150   10    6       4     1948      0.0010    1954           0.31%          
150   10    6       5     1947      0.0001    1953           0.31%          
150   10    6       6     1945      0.0000    1985           2.06%          
150   10    6       7     1934      0.0000    1938           0.21%          
150   10    6       8     1997      0.4940    2002           0.25%          
150   10    6       9     1950      0.0000    1955           0.26%          
150   10    6       10    1933      0.5470    1939           0.31%          
150   15    1       1     403       0.0020    405            0.50%          
150   15    1       2     385       0.0020    390            1.30%          
150   15    1       3     383       0.0000    384            0.26%          
150   15    1       4     427       0.0000    430            0.70%          
150   15    1       5     396       0.0000    399            0.76%          
150   15    1       6     428       0.0000    434            1.40%          
150   15    1       7     393       0.0000    396            0.76%          
150   15    1       8     442       0.0000    444            0.45%          
150   15    1       9     415       0.0000    417            0.48%          
150   15    1       10    418       0.0000    421            0.72%          
150   15    2       1     837       0.0000    842            0.60%          
150   15    2       2     777       0.0000    783            0.77%          
150   15    2       3     837       0.0000    841            0.48%          
150   15    2       4     773       0.0010    780            0.91%          
150   15    2       5     797       0.0000    801            0.50%          
150   15    2       6     731       0.0000    737            0.82%          
150   15    2       7     783       0.0000    787            0.51%          
150   15    2       8     792       0.0000    796            0.51%          
150   15    2       9     830       0.0010    834            0.48%          
150   15    2       10    775       0.0000    779            0.52%          
150   15    3       1     1879      0.0000    1891           0.64%          
150   15    3       2     1894      0.0000    1906           0.63%          
150   15    3       3     1884      0.0000    1897           0.69%          
150   15    3       4     1846      0.0000    1861           0.81%          
150   15    3       5     1890      0.0000    1900           0.53%          
150   15    3       6     1873      0.0000    1886           0.69%          
150   15    3       7     1909      0.0000    1921           0.63%          
150   15    3       8     1882      0.0000    1919           1.97%          
150   15    3       9     1984      0.0000    1994           0.50%          
150   15    3       10    1816      0.0000    1829           0.72%          
150   15    4       1     446       0.0000    453            1.57%          
150   15    4       2     457       0.0010    459            0.44%          
150   15    4       3     445       0.0010    445            0.00%          
150   15    4       4     454       0.0010    456            0.44%          
150   15    4       5     451       0.0010    453            0.44%          
150   15    4       6     442       0.0010    443            0.23%          
150   15    4       7     436       0.0000    437            0.23%          
150   15    4       8     445       0.0000    447            0.45%          
150   15    4       9     457       0.4390    460            0.66%          
150   15    4       10    452       0.0010    455            0.66%          
150   15    5       1     832       0.0010    834            0.24%          
150   15    5       2     827       0.0000    830            0.36%          
150   15    5       3     807       0.0000    808            0.12%          
150   15    5       4     816       0.0010    818            0.25%          
150   15    5       5     829       0.0010    833            0.48%          
150   15    5       6     837       0.0000    841            0.48%          
150   15    5       7     836       0.5200    839            0.36%          
150   15    5       8     871       0.0030    873            0.23%          
150   15    5       9     840       0.7530    845            0.60%          
150   15    5       10    820       0.0040    822            0.24%          
150   15    6       1     1948      0.0010    1952           0.21%          
150   15    6       2     1954      0.0010    1956           0.10%          
150   15    6       3     1941      0.0010    1969           1.44%          
150   15    6       4     1948      0.6730    1954           0.31%          
150   15    6       5     1972      0.0020    1975           0.15%          
150   15    6       6     1981      0.0020    1986           0.25%          
150   15    6       7     1963      0.0010    1967           0.20%          
150   15    6       8     1960      0.0020    1964           0.20%          
150   15    6       9     1957      0.0020    1989           1.64%          
150   15    6       10    1936      0.0010    1942           0.31%          
150   20    1       1     423       0.0010    425            0.47%          
150   20    1       2     421       0.0010    423            0.48%          
150   20    1       3     400       0.0020    402            0.50%          
150   20    1       4     388       0.0010    390            0.52%          
150   20    1       5     402       0.0010    405            0.75%          
150   20    1       6     425       0.0040    428            0.71%          
150   20    1       7     421       0.0020    424            0.71%          
150   20    1       8     418       0.0020    418            0.00%          
150   20    1       9     394       0.0010    396            0.51%          
150   20    1       10    390       0.0010    393            0.77%          
150   20    2       1     742       0.0010    746            0.54%          
150   20    2       2     768       0.0020    775            0.91%          
150   20    2       3     759       0.0010    773            1.84%          
150   20    2       4     793       0.0040    795            0.25%          
150   20    2       5     790       0.0030    794            0.51%          
150   20    2       6     791       0.0010    807            2.02%          
150   20    2       7     725       0.0010    729            0.55%          
150   20    2       8     787       0.0010    789            0.25%          
150   20    2       9     904       0.0010    909            0.55%          
150   20    2       10    835       0.0020    841            0.72%          
150   20    3       1     1875      0.0040    1887           0.64%          
150   20    3       2     1919      0.0010    1929           0.52%          
150   20    3       3     1669      0.0003    1682           0.78%          
150   20    3       4     1795      0.0020    1807           0.67%          
150   20    3       5     2008      0.0010    2018           0.50%          
150   20    3       6     1983      0.0010    1993           0.50%          
150   20    3       7     1830      0.0020    1841           0.60%          
150   20    3       8     1976      0.0020    1989           0.66%          
150   20    3       9     1949      0.0010    1958           0.46%          
150   20    3       10    1806      0.0010    1818           0.66%          
150   20    4       1     443       0.0010    445            0.45%          
150   20    4       2     454       0.0020    455            0.22%          
150   20    4       3     471       0.0010    472            0.21%          
150   20    4       4     459       0.0060    461            0.44%          
150   20    4       5     468       0.0020    470            0.43%          
150   20    4       6     447       0.0030    448            0.22%          
150   20    4       7     461       0.0020    462            0.22%          
150   20    4       8     462       0.0020    469            1.52%          
150   20    4       9     459       0.0050    461            0.44%          
150   20    4       10    456       0.0010    457            0.22%          
150   20    5       1     841       0.0010    842            0.12%          
150   20    5       2     858       0.0020    860            0.23%          
150   20    5       3     825       0.0030    828            0.36%          
150   20    5       4     817       0.0010    820            0.37%          
150   20    5       5     820       0.0040    821            0.12%          
150   20    5       6     823       0.0010    826            0.36%          
150   20    5       7     843       0.0010    847            0.47%          
150   20    5       8     832       0.7700    835            0.36%          
150   20    5       9     827       0.0030    829            0.24%          
150   20    5       10    821       0.0010    823            0.24%          
150   20    6       1     1927      0.0010    1930           0.16%          
150   20    6       2     1943      0.0010    1972           1.49%          
150   20    6       3     1936      0.0010    1938           0.10%          
150   20    6       4     1933      0.0020    1939           0.31%          
150   20    6       5     1931      0.0030    1935           0.21%          
150   20    6       6     1976      0.0010    1979           0.15%          
150   20    6       7     1984      0.0010    1987           0.15%          
150   20    6       8     1990      0.0010    1994           0.20%          
150   20    6       9     1927      0.8330    1933           0.31%          
150   20    6       10    1926      0.0030    1930           0.21%          
200   2     1       1     516       0.0010    547            6.01%          
200   2     1       2     523       0.0010    553            5.74%          
200   2     1       3     584       0.0010    599            2.57%          
200   2     1       4     549       0.0010    631            14.94%         
200   2     1       5     541       0.0010    554            2.40%          
200   2     1       6     541       0.0010    580            7.21%          
200   2     1       7     578       0.0001    597            3.29%          
200   2     1       8     557       0.0000    598            7.36%          
200   2     1       9     535       0.0000    592            10.65%         
200   2     1       10    534       0.0000    619            15.92%         
200   2     2       1     1024      0.0000    1050           2.54%          
200   2     2       2     1077      0.0001    1106           2.69%          
200   2     2       3     1040      0.0001    1076           3.46%          
200   2     2       4     1067      0.0010    1096           2.72%          
200   2     2       5     1032      0.0010    1102           6.78%          
200   2     2       6     1017      0.0000    1022           0.49%          
200   2     2       7     1011      0.0000    1101           8.90%          
200   2     2       8     1061      0.0000    1089           2.64%          
200   2     2       9     1057      0.0000    1122           6.15%          
200   2     2       10    1044      0.0000    1063           1.82%          
200   2     3       1     2369      0.0000    2443           3.12%          
200   2     3       2     2508      0.0010    2583           2.99%          
200   2     3       3     2619      0.0000    2719           3.82%          
200   2     3       4     2318      0.0000    2352           1.47%          
200   2     3       5     2755      0.0000    2774           0.69%          
200   2     3       6     2633      0.0000    2826           7.33%          
200   2     3       7     2542      0.0000    2590           1.89%          
200   2     3       8     2591      0.0000    2721           5.02%          
200   2     3       9     2526      0.0010    2537           0.44%          
200   2     3       10    2597      0.0010    2717           4.62%          
200   2     4       1     613       0.0000    624            1.79%          
200   2     4       2     599       0.5060    656            9.52%          
200   2     4       3     598       0.0020    604            1.00%          
200   2     4       4     588       0.0010    598            1.70%          
200   2     4       5     603       0.0010    633            4.98%          
200   2     4       6     583       0.0010    589            1.03%          
200   2     4       7     603       0.0010    619            2.65%          
200   2     4       8     611       0.0010    629            2.95%          
200   2     4       9     577       0.0010    605            4.85%          
200   2     4       10    587       0.0000    613            4.43%          
200   2     5       1     1077      0.0001    1111           3.16%          
200   2     5       2     1084      0.0000    1269           17.07%         
200   2     5       3     1098      0.0000    1205           9.74%          
200   2     5       4     1104      0.0001    1207           9.33%          
200   2     5       5     1112      0.0000    1122           0.90%          
200   2     5       6     1105      0.0000    1185           7.24%          
200   2     5       7     1098      0.0000    1196           8.93%          
200   2     5       8     1138      0.0000    1148           0.88%          
200   2     5       9     1103      0.5370    1124           1.90%          
200   2     5       10    1094      0.5060    1184           8.23%          
200   2     6       1     2535      0.0030    2799           10.41%         
200   2     6       2     2612      0.6170    2654           1.61%          
200   2     6       3     2612      0.0050    2646           1.30%          
200   2     6       4     2580      0.0020    2625           1.74%          
200   2     6       5     2599      0.7250    2642           1.65%          
200   2     6       6     2617      0.0020    2679           2.37%          
200   2     6       7     2600      0.0010    2741           5.42%          
200   2     6       8     2618      0.0000    2954           12.83%         
200   2     6       9     2576      0.0000    2893           12.31%         
200   2     6       10    2672      0.0000    2682           0.37%          
200   5     1       1     523       0.0000    526            0.57%          
200   5     1       2     559       0.0000    566            1.25%          
200   5     1       3     550       0.0020    556            1.09%          
200   5     1       4     525       0.0000    525            0.00%          
200   5     1       5     553       0.0000    560            1.27%          
200   5     1       6     563       0.0010    566            0.53%          
200   5     1       7     551       0.0010    553            0.36%          
200   5     1       8     551       0.0010    551            0.00%          
200   5     1       9     554       0.0001    568            2.53%          
200   5     1       10    512       0.0000    514            0.39%          
200   5     2       1     1068      0.0001    1071           0.28%          
200   5     2       2     1035      0.0000    1037           0.19%          
200   5     2       3     1050      0.0000    1060           0.95%          
200   5     2       4     1035      0.0001    1041           0.58%          
200   5     2       5     1025      0.0000    1049           2.34%          
200   5     2       6     976       0.0000    981            0.51%          
200   5     2       7     1051      0.0001    1068           1.62%          
200   5     2       8     975       0.0000    979            0.41%          
200   5     2       9     1078      0.0000    1101           2.13%          
200   5     2       10    1006      0.0010    1009           0.30%          
200   5     3       1     2397      0.0001    2436           1.63%          
200   5     3       2     2430      0.0010    2442           0.49%          
200   5     3       3     2506      0.0005    2513           0.28%          
200   5     3       4     2461      0.0001    2475           0.57%          
200   5     3       5     2574      0.0001    2586           0.47%          
200   5     3       6     2547      0.0001    2569           0.86%          
200   5     3       7     2515      0.0002    2529           0.56%          
200   5     3       8     2473      0.0010    2503           1.21%          
200   5     3       9     2476      0.0001    2484           0.32%          
200   5     3       10    2478      0.0010    2488           0.40%          
200   5     4       1     604       0.0003    604            0.00%          
200   5     4       2     595       0.0002    595            0.00%          
200   5     4       3     603       0.0001    607            0.66%          
200   5     4       4     593       0.0001    595            0.34%          
200   5     4       5     606       0.0001    609            0.50%          
200   5     4       6     591       0.0001    594            0.51%          
200   5     4       7     603       0.0000    607            0.66%          
200   5     4       8     614       0.0001    618            0.65%          
200   5     4       9     602       0.0000    609            1.16%          
200   5     4       10    595       0.0001    596            0.17%          
