Jobs  Molds Class   Inst  LB        Time(s)   TS             Gap_TS             
=================================================================================
200   5     5       1     1115      0.0010    1128           1.17%          
200   5     5       2     1095      0.0010    1100           0.46%          
200   5     5       3     1101      0.0010    1101           0.00%          
200   5     5       4     1120      0.0001    1124           0.36%          
200   5     5       5     1098      0.0010    1104           0.55%          
200   5     5       6     1079      0.0001    1086           0.65%          
200   5     5       7     1089      0.0000    1100           1.01%          
200   5     5       8     1085      0.0000    1089           0.37%          
200   5     5       9     1090      0.0001    1095           0.46%          
200   5     5       10    1128      0.0001    1132           0.35%          
200   5     6       1     2608      0.0000    2611           0.12%          
200   5     6       2     2593      0.0000    2615           0.85%          
200   5     6       3     2551      0.0000    2555           0.16%          
200   5     6       4     2602      0.0010    2607           0.19%          
200   5     6       5     2594      0.0010    2599           0.19%          
200   5     6       6     2620      0.5370    2648           1.07%          
200   5     6       7     2586      0.0020    2592           0.23%          
200   5     6       8     2627      0.5210    2655           1.07%          
200   5     6       9     2608      0.0020    2615           0.27%          
200   5     6       10    2606      0.0010    2610           0.15%          
200   10    1       1     522       0.0010    522            0.00%          
200   10    1       2     544       0.0010    546            0.37%          
200   10    1       3     549       0.0010    550            0.18%          
200   10    1       4     561       0.0010    564            0.53%          
200   10    1       5     541       0.0010    543            0.37%          
200   10    1       6     541       0.0010    543            0.37%          
200   10    1       7     532       0.0010    536            0.75%          
200   10    1       8     562       0.0010    563            0.18%          
200   10    1       9     559       0.0020    562            0.54%          
200   10    1       10    527       0.0000    528            0.19%          
200   10    2       1     1039      0.0001    1043           0.38%          
200   10    2       2     1063      0.0000    1068           0.47%          
200   10    2       3     1002      0.0000    1014           1.20%          
200   10    2       4     1031      0.0000    1039           0.78%          
200   10    2       5     1004      0.0000    1011           0.70%          
200   10    2       6     997       0.0000    1005           0.80%          
200   10    2       7     1056      0.0000    1061           0.47%          
200   10    2       8     1072      0.0000    1073           0.09%          
200   10    2       9     1125      0.0000    1130           0.44%          
200   10    2       10    1033      0.0000    1035           0.19%          
200   10    3       1     2422      0.0000    2436           0.58%          
200   10    3       2     2190      0.0000    2202           0.55%          
200   10    3       3     2562      0.0000    2573           0.43%          
200   10    3       4     2561      0.0010    2603           1.64%          
200   10    3       5     2486      0.0010    2545           2.37%          
200   10    3       6     2752      0.0000    2763           0.40%          
200   10    3       7     2522      0.0000    2536           0.56%          
200   10    3       8     2522      0.0000    2529           0.28%          
200   10    3       9     2410      0.0000    2420           0.41%          
200   10    3       10    2509      0.0000    2520           0.44%          
200   10    4       1     617       0.0000    618            0.16%          
200   10    4       2     599       0.0000    602            0.50%          
200   10    4       3     583       0.0000    585            0.34%          
200   10    4       4     594       0.0000    596            0.34%          
200   10    4       5     586       0.0000    587            0.17%          
200   10    4       6     591       0.0000    595            0.68%          
200   10    4       7     603       0.0002    607            0.66%          
200   10    4       8     592       0.0010    594            0.34%          
200   10    4       9     606       0.0000    607            0.17%          
200   10    4       10    607       0.0000    607            0.00%          
200   10    5       1     1103      0.5170    1116           1.18%          
200   10    5       2     1104      0.0040    1106           0.18%          
200   10    5       3     1092      0.0010    1106           1.28%          
200   10    5       4     1083      0.0000    1088           0.46%          
200   10    5       5     1108      0.4690    1113           0.45%          
200   10    5       6     1096      0.0030    1099           0.27%          
200   10    5       7     1096      0.0000    1097           0.09%          
200   10    5       8     1104      0.0000    1107           0.27%          
200   10    5       9     1103      0.0000    1106           0.27%          
200   10    5       10    1089      0.0000    1101           1.10%          
200   10    6       1     2598      0.0000    2604           0.23%          
200   10    6       2     2601      0.0000    2604           0.12%          
200   10    6       3     2615      0.0000    2622           0.27%          
200   10    6       4     2605      0.0000    2607           0.08%          
200   10    6       5     2554      0.0000    2558           0.16%          
200   10    6       6     2600      0.0000    2605           0.19%          
200   10    6       7     2588      0.0001    2594           0.23%          
200   10    6       8     2592      0.0020    2599           0.27%          
200   10    6       9     2606      0.0001    2607           0.04%          
200   10    6       10    2602      0.0000    2608           0.23%          
200   15    1       1     550       0.0000    552            0.36%          
200   15    1       2     527       0.0000    527            0.00%          
200   15    1       3     534       0.0000    537            0.56%          
200   15    1       4     536       0.0000    540            0.75%          
200   15    1       5     531       0.0000    532            0.19%          
200   15    1       6     533       0.0000    535            0.38%          
200   15    1       7     554       0.0000    557            0.54%          
200   15    1       8     531       0.0000    533            0.38%          
200   15    1       9     557       0.0000    560            0.54%          
200   15    1       10    559       0.0000    562            0.54%          
200   15    2       1     982       0.0020    986            0.41%          
200   15    2       2     1069      0.0000    1074           0.47%          
200   15    2       3     1025      0.0000    1027           0.20%          
200   15    2       4     1033      0.0001    1035           0.19%          
200   15    2       5     1025      0.0000    1039           1.37%          
200   15    2       6     1099      0.0000    1107           0.73%          
200   15    2       7     1067      0.0000    1071           0.37%          
200   15    2       8     987       0.0000    992            0.51%          
200   15    2       9     1091      0.0000    1094           0.27%          
200   15    2       10    973       0.0000    978            0.51%          
200   15    3       1     2686      0.0000    2724           1.41%          
200   15    3       2     2584      0.0000    2597           0.50%          
200   15    3       3     2643      0.0000    2680           1.40%          
200   15    3       4     2556      0.0000    2568           0.47%          
200   15    3       5     2434      0.0000    2449           0.62%          
200   15    3       6     2449      0.0020    2460           0.45%          
200   15    3       7     2534      0.0010    2544           0.39%          
200   15    3       8     2554      0.0000    2590           1.41%          
200   15    3       9     2621      0.0010    2634           0.50%          
200   15    3       10    2475      0.0000    2487           0.48%          
200   15    4       1     601       0.0000    602            0.17%          
200   15    4       2     608       0.0000    608            0.00%          
200   15    4       3     595       0.0000    598            0.50%          
200   15    4       4     578       0.0000    581            0.52%          
200   15    4       5     613       0.0000    614            0.16%          
200   15    4       6     616       0.5010    620            0.65%          
200   15    4       7     604       0.0030    605            0.17%          
200   15    4       8     595       0.0010    597            0.34%          
200   15    4       9     607       0.0002    609            0.33%          
200   15    4       10    603       0.0001    612            1.49%          
200   15    5       1     1123      0.0001    1127           0.36%          
200   15    5       2     1108      0.0000    1109           0.09%          
200   15    5       3     1106      0.0000    1107           0.09%          
200   15    5       4     1075      0.0010    1078           0.28%          
200   15    5       5     1090      0.0010    1094           0.37%          
200   15    5       6     1100      0.0000    1104           0.36%          
200   15    5       7     1105      0.0020    1108           0.27%          
200   15    5       8     1087      0.0001    1090           0.28%          
200   15    5       9     1103      0.0010    1105           0.18%          
200   15    5       10    1089      0.0005    1093           0.37%          
200   15    6       1     2648      0.0001    2679           1.17%          
200   15    6       2     2586      0.0000    2590           0.15%          
200   15    6       3     2593      0.0000    2598           0.19%          
200   15    6       4     2560      0.0000    2563           0.12%          
200   15    6       5     2604      0.0000    2607           0.12%          
200   15    6       6     2596      0.5510    2603           0.27%          
200   15    6       7     2589      0.0020    2593           0.15%          
200   15    6       8     2592      0.0000    2597           0.19%          
200   15    6       9     2590      0.0000    2597           0.27%          
200   15    6       10    2587      0.5470    2592           0.19%          
200   20    1       1     566       0.0010    569            0.53%          
200   20    1       2     543       0.0020    546            0.55%          
200   20    1       3     546       0.0005    550            0.73%          
200   20    1       4     557       0.0000    558            0.18%          
200   20    1       5     584       0.0001    585            0.17%          
200   20    1       6     553       0.0000    555            0.36%          
200   20    1       7     537       0.0001    540            0.56%          
200   20    1       8     568       0.0000    571            0.53%          
200   20    1       9     549       0.0000    552            0.55%          
200   20    1       10    544       0.0000    547            0.55%          
200   20    2       1     1028      0.0000    1033           0.49%          
200   20    2       2     1054      0.0001    1058           0.38%          
200   20    2       3     1045      0.0000    1047           0.19%          
200   20    2       4     1106      0.0000    1109           0.27%          
200   20    2       5     1085      0.0000    1090           0.46%          
200   20    2       6     956       0.0010    962            0.63%          
200   20    2       7     1002      0.0010    1007           0.50%          
200   20    2       8     1040      0.0010    1046           0.58%          
200   20    2       9     1004      0.0001    1009           0.50%          
200   20    2       10    1097      0.0000    1102           0.46%          
200   20    3       1     2628      0.0000    2638           0.38%          
200   20    3       2     2790      0.0000    2803           0.47%          
200   20    3       3     2468      0.0000    2477           0.36%          
200   20    3       4     2608      0.0001    2621           0.50%          
200   20    3       5     2528      0.0000    2540           0.47%          
200   20    3       6     2649      0.0000    2662           0.49%          
200   20    3       7     2531      0.0001    2543           0.47%          
200   20    3       8     2425      0.0000    2439           0.58%          
200   20    3       9     2472      0.0000    2488           0.65%          
200   20    3       10    2585      0.0001    2601           0.62%          
200   20    4       1     592       0.0010    595            0.51%          
200   20    4       2     595       0.0001    597            0.34%          
200   20    4       3     610       0.0001    611            0.16%          
200   20    4       4     610       0.0000    612            0.33%          
200   20    4       5     606       0.0000    608            0.33%          
200   20    4       6     608       0.0010    611            0.49%          
200   20    4       7     597       0.0001    599            0.34%          
200   20    4       8     586       0.0000    586            0.00%          
200   20    4       9     597       0.5290    599            0.34%          
200   20    4       10    595       0.0010    598            0.50%          
200   20    5       1     1099      0.0010    1103           0.36%          
200   20    5       2     1094      0.0010    1097           0.27%          
200   20    5       3     1113      0.0010    1116           0.27%          
200   20    5       4     1094      0.0010    1098           0.37%          
200   20    5       5     1107      0.0010    1110           0.27%          
200   20    5       6     1114      0.0000    1117           0.27%          
200   20    5       7     1098      0.0010    1102           0.36%          
200   20    5       8     1125      0.0010    1143           1.60%          
200   20    5       9     1097      0.0001    1097           0.00%          
200   20    5       10    1128      0.0000    1129           0.09%          
200   20    6       1     2633      0.0001    2635           0.08%          
200   20    6       2     2596      0.0000    2597           0.04%          
200   20    6       3     2615      0.5190    2620           0.19%          
200   20    6       4     2595      0.0010    2599           0.15%          
200   20    6       5     2570      0.0010    2597           1.05%          
200   20    6       6     2579      0.0010    2585           0.23%          
200   20    6       7     2613      0.0000    2618           0.19%          
200   20    6       8     2654      0.0000    2659           0.19%          
200   20    6       9     2561      0.0010    2588           1.05%          
200   20    6       10    2597      0.0000    2601           0.15%          
250   2     1       1     689       0.0000    715            3.77%          
250   2     1       2     700       0.0001    760            8.57%          
250   2     1       3     733       0.0000    743            1.36%          
250   2     1       4     676       0.0000    704            4.14%          
250   2     1       5     707       0.0000    746            5.52%          
250   2     1       6     649       0.0000    650            0.15%          
250   2     1       7     665       0.0000    777            16.84%         
250   2     1       8     681       0.0001    710            4.26%          
250   2     1       9     684       0.0000    697            1.90%          
250   2     1       10    694       0.0000    725            4.47%          
250   2     2       1     1275      0.0000    1530           20.00%         
250   2     2       2     1325      0.0000    1432           8.08%          
250   2     2       3     1343      0.0000    1448           7.82%          
250   2     2       4     1344      0.0000    1424           5.95%          
250   2     2       5     1295      0.0000    1331           2.78%          
250   2     2       6     1254      0.0000    1315           4.86%          
250   2     2       7     1341      0.0000    1494           11.41%         
250   2     2       8     1298      0.0000    1459           12.40%         
250   2     2       9     1355      0.0000    1371           1.18%          
250   2     2       10    1365      0.0000    1508           10.48%         
250   2     3       1     3259      0.0000    3389           3.99%          
250   2     3       2     3422      0.0000    3439           0.50%          
250   2     3       3     3006      0.0000    3227           7.35%          
250   2     3       4     3348      0.0000    3555           6.18%          
250   2     3       5     3448      0.0000    3706           7.48%          
250   2     3       6     3171      0.0010    3697           16.59%         
250   2     3       7     3326      0.0010    3759           13.02%         
250   2     3       8     3221      0.0003    3376           4.81%          
250   2     3       9     3138      0.0003    3459           10.23%         
250   2     3       10    3285      0.0001    3453           5.11%          
250   2     4       1     748       0.0000    761            1.74%          
250   2     4       2     758       0.0001    764            0.79%          
250   2     4       3     738       0.0000    776            5.15%          
250   2     4       4     757       0.0001    805            6.34%          
250   2     4       5     747       0.0010    790            5.76%          
250   2     4       6     758       0.0010    788            3.96%          
250   2     4       7     744       0.0010    769            3.36%          
250   2     4       8     741       0.0002    750            1.21%          
250   2     4       9     758       0.0001    820            8.18%          
250   2     4       10    738       0.0040    761            3.12%          
250   2     5       1     1325      0.0010    1338           0.98%          
250   2     5       2     1371      0.0010    1377           0.44%          
250   2     5       3     1360      0.0010    1377           1.25%          
250   2     5       4     1385      0.0001    1409           1.73%          
250   2     5       5     1372      0.0000    1445           5.32%          
250   2     5       6     1380      0.0000    1440           4.35%          
250   2     5       7     1367      0.0000    1425           4.24%          
250   2     5       8     1380      0.5440    1423           3.12%          
250   2     5       9     1371      0.0020    1414           3.14%          
250   2     5       10    1353      0.0010    1399           3.40%          
250   2     6       1     3239      0.0010    3472           7.19%          
250   2     6       2     3231      0.0010    3328           3.00%          
250   2     6       3     3284      0.0003    3546           7.98%          
250   2     6       4     3233      0.0000    3292           1.82%          
250   2     6       5     3293      0.0001    3588           8.96%          
250   2     6       6     3235      0.0001    3249           0.43%          
250   2     6       7     3249      0.0002    3429           5.54%          
250   2     6       8     3265      0.8100    3302           1.13%          
250   2     6       9     3234      0.0020    3252           0.56%          
250   2     6       10    3270      0.0010    3335           1.99%          
250   5     1       1     698       0.0010    702            0.57%          
250   5     1       2     709       0.0010    710            0.14%          
250   5     1       3     687       0.0010    689            0.29%          
250   5     1       4     655       0.0010    657            0.31%          
250   5     1       5     681       0.0000    687            0.88%          
250   5     1       6     698       0.0010    699            0.14%          
250   5     1       7     686       0.0003    687            0.15%          
250   5     1       8     648       0.0001    650            0.31%          
250   5     1       9     711       0.0001    719            1.13%          
250   5     1       10    695       0.0001    698            0.43%          
250   5     2       1     1310      0.0010    1317           0.53%          
250   5     2       2     1320      0.0010    1325           0.38%          
250   5     2       3     1299      0.0001    1304           0.38%          
250   5     2       4     1356      0.0003    1371           1.11%          
250   5     2       5     1276      0.0001    1282           0.47%          
250   5     2       6     1323      0.0005    1330           0.53%          
250   5     2       7     1358      0.0001    1383           1.84%          
250   5     2       8     1355      0.0002    1358           0.22%          
250   5     2       9     1295      0.0002    1301           0.46%          
250   5     2       10    1290      0.0001    1296           0.47%          
250   5     3       1     3138      0.0001    3151           0.41%          
250   5     3       2     3322      0.0002    3333           0.33%          
250   5     3       3     3331      0.0001    3338           0.21%          
250   5     3       4     3227      0.0001    3235           0.25%          
250   5     3       5     2982      0.0010    2996           0.47%          
250   5     3       6     3234      0.0010    3249           0.46%          
250   5     3       7     3135      0.0001    3148           0.41%          
250   5     3       8     3197      0.0003    3211           0.44%          
250   5     3       9     3297      0.0001    3303           0.18%          
250   5     3       10    3272      0.0001    3284           0.37%          
250   5     4       1     743       0.0001    745            0.27%          
250   5     4       2     763       0.0001    768            0.66%          
250   5     4       3     754       0.0001    765            1.46%          
250   5     4       4     766       0.0001    768            0.26%          
250   5     4       5     750       0.0001    751            0.13%          
250   5     4       6     754       0.0001    758            0.53%          
250   5     4       7     780       0.0010    782            0.26%          
250   5     4       8     740       0.0001    749            1.22%          
250   5     4       9     765       0.0010    767            0.26%          
250   5     4       10    729       0.0020    731            0.27%          
250   5     5       1     1376      0.5330    1395           1.38%          
250   5     5       2     1393      0.0020    1398           0.36%          
250   5     5       3     1424      0.0020    1428           0.28%          
250   5     5       4     1393      0.0010    1410           1.22%          
250   5     5       5     1360      0.0000    1363           0.22%          
250   5     5       6     1396      0.0000    1400           0.29%          
250   5     5       7     1377      0.0000    1381           0.29%          
250   5     5       8     1386      0.0000    1390           0.29%          
250   5     5       9     1414      0.0000    1421           0.50%          
250   5     5       10    1403      0.0000    1407           0.29%          
250   5     6       1     3211      0.0000    3243           1.00%          
250   5     6       2     3238      0.6540    3248           0.31%          
250   5     6       3     3237      0.4800    3245           0.25%          
250   5     6       4     3267      0.0020    3290           0.70%          
250   5     6       5     3225      0.0010    3234           0.28%          
250   5     6       6     3270      0.0000    3306           1.10%          
250   5     6       7     3249      0.5100    3258           0.28%          
250   5     6       8     3292      0.0020    3301           0.27%          
250   5     6       9     3222      0.7000    3226           0.12%          
250   5     6       10    3261      0.5130    3270           0.28%          
250   10    1       1     665       0.0010    667            0.30%          
250   10    1       2     677       0.0001    679            0.30%          
250   10    1       3     658       0.0010    660            0.30%          
250   10    1       4     711       0.0002    714            0.42%          
250   10    1       5     666       0.0002    667            0.15%          
250   10    1       6     709       0.0010    710            0.14%          
250   10    1       7     702       0.0010    703            0.14%          
250   10    1       8     712       0.0001    715            0.42%          
250   10    1       9     701       0.0000    705            0.57%          
250   10    1       10    671       0.0000    675            0.60%          
250   10    2       1     1302      0.0000    1306           0.31%          
250   10    2       2     1348      0.0000    1352           0.30%          
250   10    2       3     1310      0.0000    1315           0.38%          
250   10    2       4     1329      0.0000    1344           1.13%          
250   10    2       5     1323      0.0010    1329           0.45%          
250   10    2       6     1375      0.0000    1379           0.29%          
250   10    2       7     1320      0.0000    1323           0.23%          
250   10    2       8     1316      0.0000    1321           0.38%          
250   10    2       9     1365      0.0000    1369           0.29%          
250   10    2       10    1318      0.0000    1323           0.38%          
250   10    3       1     3330      0.0000    3340           0.30%          
250   10    3       2     3014      0.0000    3028           0.46%          
250   10    3       3     3167      0.0000    3180           0.41%          
250   10    3       4     3219      0.0000    3226           0.22%          
250   10    3       5     3375      0.0000    3387           0.36%          
250   10    3       6     3104      0.0000    3117           0.42%          
250   10    3       7     3059      0.0000    3071           0.39%          
250   10    3       8     3132      0.0010    3145           0.42%          
250   10    3       9     3158      0.0001    3171           0.41%          
250   10    3       10    3081      0.0010    3092           0.36%          
250   10    4       1     759       0.0001    762            0.40%          
250   10    4       2     742       0.0001    744            0.27%          
250   10    4       3     752       0.0000    752            0.00%          
250   10    4       4     755       0.0001    757            0.26%          
250   10    4       5     734       0.0000    736            0.27%          
250   10    4       6     736       0.0002    738            0.27%          
250   10    4       7     738       0.0010    741            0.41%          
250   10    4       8     732       0.0003    733            0.14%          
250   10    4       9     747       0.0000    751            0.54%          
250   10    4       10    753       0.0000    755            0.27%          
250   10    5       1     1378      0.0000    1391           0.94%          
250   10    5       2     1375      0.0020    1378           0.22%          
250   10    5       3     1406      0.0000    1407           0.07%          
250   10    5       4     1384      0.0010    1388           0.29%          
250   10    5       5     1367      0.0000    1372           0.37%          
250   10    5       6     1393      0.0000    1395           0.14%          
250   10    5       7     1412      0.0000    1414           0.14%          
250   10    5       8     1391      0.0000    1393           0.14%          
250   10    5       9     1387      0.0000    1400           0.94%          
250   10    5       10    1374      0.0000    1376           0.15%          
250   10    6       1     3257      0.6980    3266           0.28%          
250   10    6       2     3215      0.6240    3220           0.16%          
250   10    6       3     3263      0.0020    3268           0.15%          
250   10    6       4     3193      0.0010    3220           0.85%          
250   10    6       5     3244      0.0010    3247           0.09%          
250   10    6       6     3219      0.0010    3247           0.87%          
250   10    6       7     3265      0.0000    3270           0.15%          
250   10    6       8     3242      0.0001    3249           0.22%          
250   10    6       9     3236      0.6310    3243           0.22%          
250   10    6       10    3238      0.0010    3243           0.15%          
250   15    1       1     716       0.0005    720            0.56%          
250   15    1       2     696       0.0010    699            0.43%          
250   15    1       3     692       0.0000    695            0.43%          
250   15    1       4     682       0.0010    683            0.15%          
250   15    1       5     662       0.0010    665            0.45%          
250   15    1       6     659       0.0001    662            0.46%          
250   15    1       7     680       0.0000    683            0.44%          
250   15    1       8     736       0.0000    738            0.27%          
250   15    1       9     704       0.0000    705            0.14%          
250   15    1       10    716       0.0000    718            0.28%          
250   15    2       1     1315      0.0000    1321           0.46%          
250   15    2       2     1284      0.0000    1290           0.47%          
250   15    2       3     1362      0.0001    1369           0.51%          
250   15    2       4     1317      0.0001    1321           0.30%          
250   15    2       5     1329      0.0000    1334           0.38%          
250   15    2       6     1299      0.0000    1315           1.23%          
250   15    2       7     1250      0.0000    1264           1.12%          
250   15    2       8     1341      0.0000    1344           0.22%          
250   15    2       9     1318      0.0020    1322           0.30%          
250   15    2       10    1369      0.0000    1374           0.37%          
250   15    3       1     3006      0.0000    3018           0.40%          
250   15    3       2     3098      0.0000    3110           0.39%          
250   15    3       3     3198      0.0000    3212           0.44%          
250   15    3       4     3299      0.0000    3308           0.27%          
250   15    3       5     3203      0.0000    3215           0.37%          
250   15    3       6     3199      0.0000    3212           0.41%          
250   15    3       7     2964      0.0000    2977           0.44%          
250   15    3       8     3098      0.0010    3112           0.45%          
250   15    3       9     3315      0.0000    3329           0.42%          
250   15    3       10    3524      0.0000    3533           0.26%          
250   15    4       1     751       0.0000    755            0.53%          
250   15    4       2     774       0.0000    775            0.13%          
250   15    4       3     748       0.0010    751            0.40%          
250   15    4       4     760       0.0010    763            0.39%          
250   15    4       5     761       0.0010    763            0.26%          
250   15    4       6     734       0.0002    736            0.27%          
250   15    4       7     743       0.0000    744            0.13%          
250   15    4       8     738       0.0001    740            0.27%          
250   15    4       9     764       0.0000    765            0.13%          
250   15    4       10    768       0.0001    771            0.39%          
250   15    5       1     1381      0.0000    1386           0.36%          
250   15    5       2     1383      0.0000    1385           0.14%          
250   15    5       3     1369      0.0001    1372           0.22%          
250   15    5       4     1371      0.0001    1376           0.36%          
250   15    5       5     1361      0.0002    1364           0.22%          
250   15    5       6     1385      0.0001    1398           0.94%          
250   15    5       7     1407      0.4820    1412           0.36%          
250   15    5       8     1376      0.0010    1378           0.15%          
250   15    5       9     1363      0.5250    1373           0.73%          
250   15    5       10    1398      0.0020    1402           0.29%          
250   15    6       1     3252      0.0010    3258           0.18%          
250   15    6       2     3291      0.0000    3296           0.15%          
250   15    6       3     3263      0.6300    3268           0.15%          
250   15    6       4     3255      0.0030    3260           0.15%          
250   15    6       5     3261      0.6180    3265           0.12%          
250   15    6       6     3188      0.0020    3219           0.97%          
250   15    6       7     3246      0.0010    3251           0.15%          
250   15    6       8     3195      0.0010    3200           0.16%          
250   15    6       9     3246      0.0010    3251           0.15%          
250   15    6       10    3227      0.0010    3230           0.09%          
250   20    1       1     713       0.0010    715            0.28%          
250   20    1       2     689       0.0010    691            0.29%          
250   20    1       3     709       0.0010    712            0.42%          
250   20    1       4     683       0.0001    686            0.44%          
250   20    1       5     687       0.0000    689            0.29%          
250   20    1       6     678       0.0000    682            0.59%          
250   20    1       7     669       0.0000    671            0.30%          
250   20    1       8     686       0.0000    697            1.60%          
250   20    1       9     737       0.0000    739            0.27%          
250   20    1       10    700       0.0000    703            0.43%          
250   20    2       1     1289      0.0000    1291           0.16%          
250   20    2       2     1267      0.0000    1272           0.39%          
250   20    2       3     1350      0.0000    1366           1.19%          
250   20    2       4     1320      0.0000    1323           0.23%          
250   20    2       5     1355      0.0000    1358           0.22%          
250   20    2       6     1376      0.0000    1379           0.22%          
250   20    2       7     1280      0.0000    1283           0.23%          
250   20    2       8     1307      0.0030    1311           0.31%          
250   20    2       9     1251      0.0010    1255           0.32%          
250   20    2       10    1273      0.0001    1278           0.39%          
250   20    3       1     3205      0.0000    3217           0.37%          
250   20    3       2     3259      0.0000    3273           0.43%          
250   20    3       3     3217      0.0001    3232           0.47%          
250   20    3       4     3076      0.0000    3112           1.17%          
250   20    3       5     3125      0.0000    3137           0.38%          
250   20    3       6     3289      0.0000    3297           0.24%          
250   20    3       7     2965      0.0000    2979           0.47%          
250   20    3       8     3125      0.0000    3134           0.29%          
250   20    3       9     3233      0.0000    3243           0.31%          
250   20    3       10    3279      0.0000    3290           0.34%          
250   20    4       1     746       0.0003    747            0.13%          
250   20    4       2     748       0.0010    750            0.27%          
250   20    4       3     732       0.0001    734            0.27%          
250   20    4       4     760       0.0000    762            0.26%          
250   20    4       5     752       0.0000    753            0.13%          
250   20    4       6     776       0.0000    784            1.03%          
250   20    4       7     756       0.0010    760            0.53%          
250   20    4       8     745       0.0000    746            0.13%          
250   20    4       9     747       0.0001    748            0.13%          
250   20    4       10    758       0.0000    759            0.13%          
250   20    5       1     1385      0.0000    1397           0.87%          
250   20    5       2     1365      0.0000    1367           0.15%          
250   20    5       3     1337      0.0000    1340           0.22%          
250   20    5       4     1377      0.0000    1379           0.15%          
250   20    5       5     1366      0.0000    1369           0.22%          
250   20    5       6     1379      0.0010    1380           0.07%          
250   20    5       7     1365      0.0001    1369           0.29%          
250   20    5       8     1382      0.0000    1386           0.29%          
250   20    5       9     1417      0.0000    1420           0.21%          
250   20    5       10    1386      0.0000    1389           0.22%          
250   20    6       1     3224      0.6110    3232           0.25%          
250   20    6       2     3246      0.0030    3250           0.12%          
250   20    6       3     3233      0.6480    3239           0.19%          
250   20    6       4     3242      0.0020    3247           0.15%          
250   20    6       5     3258      0.0010    3262           0.12%          
250   20    6       6     3250      0.6500    3259           0.28%          
250   20    6       7     3206      0.0020    3236           0.94%          
250   20    6       8     3246      0.0010    3252           0.18%          
250   20    6       9     3245      0.0010    3249           0.12%          
250   20    6       10    3281      0.6230    3288           0.21%          
300   2     1       1     806       0.0020    812            0.74%          
300   2     1       2     830       0.0010    929            11.93%         
300   2     1       3     850       0.0010    926            8.94%          
300   2     1       4     831       0.0010    909            9.39%          
300   2     1       5     831       0.0010    858            3.25%          
300   2     1       6     826       0.0010    864            4.60%          
300   2     1       7     816       0.0010    898            10.05%         
300   2     1       8     827       0.0005    856            3.51%          
300   2     1       9     855       0.0001    864            1.05%          
300   2     1       10    797       0.0010    822            3.14%          
300   2     2       1     1604      0.0010    1607           0.19%          
300   2     2       2     1533      0.0010    1592           3.85%          
300   2     2       3     1557      0.0003    1575           1.16%          
300   2     2       4     1520      0.0001    1694           11.45%         
300   2     2       5     1583      0.0001    1614           1.96%          
300   2     2       6     1612      0.0003    1628           0.99%          
300   2     2       7     1598      0.0010    1605           0.44%          
300   2     2       8     1569      0.0001    1757           11.98%         
300   2     2       9     1543      0.0001    1552           0.58%          
300   2     2       10    1586      0.0001    1695           6.87%          
300   2     3       1     3789      0.0001    3950           4.25%          
300   2     3       2     3805      0.0001    3808           0.08%          
300   2     3       3     3769      0.0010    3939           4.51%          
300   2     3       4     3743      0.0010    3861           3.15%          
300   2     3       5     3912      0.0010    4014           2.61%          
300   2     3       6     3829      0.0010    3898           1.80%          
300   2     3       7     3941      0.0020    3983           1.07%          
300   2     3       8     3716      0.0001    3773           1.53%          
300   2     3       9     3599      0.0001    3681           2.28%          
300   2     3       10    3966      0.0000    4270           7.67%          
300   2     4       1     904       0.0000    990            9.51%          
300   2     4       2     911       0.0000    999            9.66%          
300   2     4       3     893       0.0000    906            1.46%          
300   2     4       4     907       0.0000    975            7.50%          
300   2     4       5     898       0.0000    923            2.78%          
300   2     4       6     891       0.0010    969            8.75%          
300   2     4       7     908       0.0003    918            1.10%          
300   2     4       8     900       0.0000    957            6.33%          
300   2     4       9     915       0.0001    939            2.62%          
300   2     4       10    889       0.0001    1007           13.27%         
300   2     5       1     1625      0.0001    1755           8.00%          
300   2     5       2     1683      0.0001    1766           4.93%          
300   2     5       3     1648      0.0001    1669           1.27%          
300   2     5       4     1630      0.0001    1684           3.31%          
300   2     5       5     1654      0.0001    1779           7.56%          
300   2     5       6     1649      0.5340    1768           7.22%          
300   2     5       7     1659      0.0010    1710           3.07%          
300   2     5       8     1658      0.0003    1662           0.24%          
300   2     5       9     1635      0.0010    1654           1.16%          
300   2     5       10    1667      0.0010    1721           3.24%          
300   2     6       1     3889      0.0000    4074           4.76%          
300   2     6       2     3908      0.0003    4080           4.40%          
300   2     6       3     3899      0.0001    4066           4.28%          
300   2     6       4     3918      0.0001    3969           1.30%          
300   2     6       5     3912      0.0001    3931           0.49%          
300   2     6       6     3877      0.0003    4149           7.02%          
300   2     6       7     3937      0.7730    4115           4.52%          
300   2     6       8     3942      0.6530    3984           1.07%          
300   2     6       9     3902      0.5190    4159           6.59%          
300   2     6       10    3938      0.0010    4173           5.97%          
300   5     1       1     807       0.0010    815            0.99%          
300   5     1       2     826       0.0000    826            0.00%          
300   5     1       3     879       0.0000    882            0.34%          
300   5     1       4     813       0.0000    814            0.12%          
300   5     1       5     835       0.0000    836            0.12%          
300   5     1       6     787       0.0000    794            0.89%          
300   5     1       7     873       0.0000    876            0.34%          
300   5     1       8     855       0.0000    856            0.12%          
300   5     1       9     818       0.0001    819            0.12%          
300   5     1       10    807       0.0001    809            0.25%          
300   5     2       1     1519      0.0000    1536           1.12%          
300   5     2       2     1540      0.0000    1546           0.39%          
300   5     2       3     1521      0.0030    1525           0.26%          
300   5     2       4     1560      0.0010    1565           0.32%          
300   5     2       5     1655      0.0003    1656           0.06%          
300   5     2       6     1552      0.0001    1554           0.13%          
300   5     2       7     1571      0.0001    1576           0.32%          
300   5     2       8     1568      0.0001    1584           1.02%          
300   5     2       9     1569      0.0001    1573           0.25%          
300   5     2       10    1646      0.0001    1661           0.91%          
300   5     3       1     3734      0.0001    3753           0.51%          
300   5     3       2     3784      0.0001    3795           0.29%          
300   5     3       3     3830      0.0001    3843           0.34%          
300   5     3       4     3699      0.0001    3710           0.30%          
300   5     3       5     3819      0.0001    3822           0.08%          
300   5     3       6     3789      0.0010    3799           0.26%          
300   5     3       7     3775      0.0000    3786           0.29%          
300   5     3       8     3881      0.0001    3892           0.28%          
300   5     3       9     3965      0.0001    3982           0.43%          
300   5     3       10    3874      0.0001    3884           0.26%          
300   5     4       1     893       0.0000    895            0.22%          
300   5     4       2     905       0.0000    908            0.33%          
300   5     4       3     924       0.0001    927            0.32%          
300   5     4       4     877       0.0000    885            0.91%          
300   5     4       5     890       0.0000    893            0.34%          
300   5     4       6     910       0.0000    915            0.55%          
300   5     4       7     896       0.0001    899            0.33%          
300   5     4       8     896       0.0000    899            0.33%          
300   5     4       9     896       0.0010    899            0.33%          
300   5     4       10    924       0.0010    930            0.65%          
300   5     5       1     1667      0.0010    1681           0.84%          
300   5     5       2     1632      0.0010    1633           0.06%          
300   5     5       3     1626      0.0010    1640           0.86%          
300   5     5       4     1700      0.0003    1715           0.88%          
300   5     5       5     1634      0.0001    1638           0.24%          
300   5     5       6     1643      0.0001    1649           0.37%          
300   5     5       7     1647      0.0001    1661           0.85%          
300   5     5       8     1650      0.0000    1652           0.12%          
300   5     5       9     1666      0.5540    1678           0.72%          
300   5     5       10    1648      0.0020    1680           1.94%          
300   5     6       1     3901      0.0010    3904           0.08%          
300   5     6       2     3852      0.0010    3855           0.08%          
300   5     6       3     3891      0.0010    3898           0.18%          
300   5     6       4     3890      0.0010    3890           0.00%          
300   5     6       5     3886      0.0010    3890           0.10%          
300   5     6       6     3910      0.4790    3940           0.77%          
300   5     6       7     3862      0.0020    3870           0.21%          
300   5     6       8     3955      0.4770    3987           0.81%          
300   5     6       9     3850      0.0030    3854           0.10%          
300   5     6       10    3897      0.0001    3900           0.08%          
300   10    1       1     778       0.0020    781            0.39%          
300   10    1       2     821       0.0010    822            0.12%          
300   10    1       3     812       0.0010    815            0.37%          
300   10    1       4     791       0.0000    795            0.51%          
300   10    1       5     840       0.0000    846            0.71%          
300   10    1       6     854       0.0000    857            0.35%          
300   10    1       7     842       0.0000    844            0.24%          
300   10    1       8     830       0.0000    832            0.24%          
300   10    1       9     831       0.0000    832            0.12%          
300   10    1       10    798       0.0000    800            0.25%          
300   10    2       1     1667      0.0000    1671           0.24%          
300   10    2       2     1531      0.0000    1533           0.13%          
300   10    2       3     1669      0.0000    1671           0.12%          
300   10    2       4     1521      0.0000    1525           0.26%          
300   10    2       5     1511      0.0001    1518           0.46%          
300   10    2       6     1588      0.0000    1604           1.01%          
300   10    2       7     1587      0.0000    1587           0.00%          
300   10    2       8     1570      0.0000    1575           0.32%          
300   10    2       9     1515      0.0000    1521           0.40%          
300   10    2       10    1664      0.0000    1671           0.42%          
300   10    3       1     3880      0.0000    3892           0.31%          
300   10    3       2     3776      0.0001    3784           0.21%          
300   10    3       3     3731      0.0000    3742           0.29%          
300   10    3       4     3846      0.0001    3885           1.01%          
300   10    3       5     3989      0.0000    3999           0.25%          
300   10    3       6     3874      0.0001    3887           0.34%          
300   10    3       7     3937      0.0030    3951           0.36%          
300   10    3       8     3935      0.0000    3950           0.38%          
300   10    3       9     3766      0.0000    3782           0.42%          
300   10    3       10    3560      0.0000    3571           0.31%          
300   10    4       1     909       0.0000    921            1.32%          
300   10    4       2     893       0.0000    896            0.34%          
300   10    4       3     886       0.0000    889            0.34%          
300   10    4       4     885       0.0000    887            0.23%          
300   10    4       5     882       0.0000    884            0.23%          
300   10    4       6     902       0.0000    905            0.33%          
300   10    4       7     894       0.0000    896            0.22%          
300   10    4       8     916       0.0000    919            0.33%          
300   10    4       9     922       0.0000    930            0.87%          
300   10    4       10    915       0.0000    917            0.22%          
300   10    5       1     1639      0.0001    1641           0.12%          
300   10    5       2     1658      0.0000    1671           0.78%          
300   10    5       3     1659      0.4800    1660           0.06%          
300   10    5       4     1661      0.0020    1666           0.30%          
300   10    5       5     1633      0.0000    1635           0.12%          
300   10    5       6     1620      0.0010    1623           0.19%          
300   10    5       7     1675      0.0003    1677           0.12%          
300   10    5       8     1664      0.0001    1667           0.18%          
300   10    5       9     1665      0.0001    1667           0.12%          
300   10    5       10    1672      0.0000    1676           0.24%          
300   10    6       1     3840      0.0000    3844           0.10%          
300   10    6       2     3890      0.0000    3895           0.13%          
300   10    6       3     3929      0.0000    3935           0.15%          
300   10    6       4     3869      0.0000    3876           0.18%          
300   10    6       5     3901      0.0000    3933           0.82%          
300   10    6       6     3887      0.0000    3893           0.15%          
300   10    6       7     3932      0.0001    3937           0.13%          
300   10    6       8     3910      0.0001    3940           0.77%          
300   10    6       9     3884      0.0000    3914           0.77%          
300   10    6       10    3909      0.6120    3915           0.15%          
300   15    1       1     772       0.0020    773            0.13%          
300   15    1       2     807       0.0000    810            0.37%          
300   15    1       3     837       0.0001    839            0.24%          
300   15    1       4     795       0.0002    802            0.88%          
300   15    1       5     819       0.0000    821            0.24%          
300   15    1       6     843       0.0002    847            0.47%          
300   15    1       7     854       0.0010    854            0.00%          
300   15    1       8     795       0.0010    798            0.38%          
300   15    1       9     867       0.0010    869            0.23%          
300   15    1       10    860       0.0010    863            0.35%          
300   15    2       1     1612      0.0010    1618           0.37%          
300   15    2       2     1564      0.0002    1569           0.32%          
300   15    2       3     1650      0.0001    1654           0.24%          
300   15    2       4     1586      0.0010    1590           0.25%          
300   15    2       5     1654      0.0010    1659           0.30%          
300   15    2       6     1438      0.0010    1440           0.14%          
300   15    2       7     1647      0.0001    1651           0.24%          
300   15    2       8     1559      0.0001    1564           0.32%          
300   15    2       9     1580      0.0010    1583           0.19%          
300   15    2       10    1626      0.0010    1628           0.12%          
300   15    3       1     3692      0.0010    3703           0.30%          
300   15    3       2     3793      0.0010    3803           0.26%          
300   15    3       3     3696      0.0003    3707           0.30%          
300   15    3       4     3843      0.0001    3853           0.26%          
300   15    3       5     3619      0.0001    3629           0.28%          
300   15    3       6     3989      0.0002    4027           0.95%          
300   15    3       7     4199      0.0010    4211           0.29%          
300   15    3       8     3904      0.0010    3915           0.28%          
300   15    3       9     3735      0.0010    3744           0.24%          
300   15    3       10    4185      0.0010    4196           0.26%          
300   15    4       1     902       0.0010    903            0.11%          
300   15    4       2     922       0.0020    924            0.22%          
300   15    4       3     897       0.0010    899            0.22%          
300   15    4       4     922       0.0010    924            0.22%          
300   15    4       5     916       0.0001    923            0.76%          
300   15    4       6     922       0.0000    925            0.33%          
300   15    4       7     909       0.0000    909            0.00%          
300   15    4       8     924       0.0000    926            0.22%          
300   15    4       9     910       0.0000    913            0.33%          
300   15    4       10    904       0.0000    904            0.00%          
300   15    5       1     1657      0.0001    1660           0.18%          
300   15    5       2     1645      0.0000    1647           0.12%          
300   15    5       3     1659      0.0000    1662           0.18%          
300   15    5       4     1649      0.0010    1653           0.24%          
300   15    5       5     1675      0.0005    1680           0.30%          
300   15    5       6     1645      0.0001    1648           0.18%          
300   15    5       7     1640      0.0001    1641           0.06%          
300   15    5       8     1644      0.0000    1647           0.18%          
300   15    5       9     1680      0.5000    1684           0.24%          
300   15    5       10    1640      0.0010    1641           0.06%          
300   15    6       1     3900      0.0010    3904           0.10%          
300   15    6       2     3887      0.0003    3892           0.13%          
300   15    6       3     3951      0.0001    3954           0.08%          
300   15    6       4     3982      0.0002    3985           0.08%          
300   15    6       5     3924      0.0001    3929           0.13%          
300   15    6       6     3917      0.0001    3922           0.13%          
300   15    6       7     3907      0.0000    3912           0.13%          
300   15    6       8     3853      0.0000    3856           0.08%          
300   15    6       9     3889      0.6760    3897           0.21%          
300   15    6       10    3914      0.0020    3945           0.79%          
300   20    1       1     836       0.0010    836            0.00%          
300   20    1       2     820       0.0010    823            0.37%          
300   20    1       3     846       0.0003    848            0.24%          
300   20    1       4     825       0.0001    827            0.24%          
300   20    1       5     822       0.0001    824            0.24%          
300   20    1       6     806       0.0001    807            0.12%          
300   20    1       7     848       0.0001    851            0.35%          
300   20    1       8     828       0.0001    830            0.24%          
300   20    1       9     833       0.0001    834            0.12%          
300   20    1       10    799       0.0000    801            0.25%          
300   20    2       1     1522      0.0001    1526           0.26%          
300   20    2       2     1518      0.0001    1523           0.33%          
300   20    2       3     1582      0.0001    1586           0.25%          
300   20    2       4     1553      0.0001    1559           0.39%          
300   20    2       5     1546      0.0001    1550           0.26%          
300   20    2       6     1562      0.0001    1567           0.32%          
300   20    2       7     1625      0.0010    1630           0.31%          
300   20    2       8     1510      0.0001    1526           1.06%          
300   20    2       9     1664      0.0003    1668           0.24%          
300   20    2       10    1586      0.0001    1593           0.44%          
300   20    3       1     3755      0.0003    3766           0.29%          
300   20    3       2     3869      0.0001    3882           0.34%          
300   20    3       3     3738      0.0001    3750           0.32%          
300   20    3       4     3886      0.0001    3897           0.28%          
300   20    3       5     3903      0.0001    3917           0.36%          
300   20    3       6     3847      0.0001    3859           0.31%          
300   20    3       7     3712      0.0001    3721           0.24%          
300   20    3       8     3928      0.0001    3940           0.31%          
300   20    3       9     3971      0.0001    3986           0.38%          
300   20    3       10    3864      0.0001    3876           0.31%          
300   20    4       1     899       0.0010    901            0.22%          
300   20    4       2     898       0.0010    900            0.22%          
300   20    4       3     908       0.0010    912            0.44%          
300   20    4       4     891       0.0005    893            0.22%          
300   20    4       5     893       0.0001    896            0.34%          
300   20    4       6     907       0.0001    909            0.22%          
300   20    4       7     879       0.0001    881            0.23%          
300   20    4       8     915       0.0000    915            0.00%          
300   20    4       9     901       0.0001    904            0.33%          
300   20    4       10    904       0.0000    908            0.44%          
300   20    5       1     1665      0.0001    1667           0.12%          
300   20    5       2     1644      0.0001    1646           0.12%          
300   20    5       3     1616      0.0001    1621           0.31%          
300   20    5       4     1672      0.0000    1677           0.30%          
300   20    5       5     1642      0.0001    1644           0.12%          
300   20    5       6     1679      0.0010    1683           0.24%          
300   20    5       7     1654      0.0010    1657           0.18%          
300   20    5       8     1632      0.0000    1634           0.12%          
300   20    5       9     1653      0.0000    1656           0.18%          
300   20    5       10    1648      0.0000    1651           0.18%          
300   20    6       1     3880      0.0000    3884           0.10%          
300   20    6       2     3881      0.5410    3886           0.13%          
300   20    6       3     3936      0.0020    3943           0.18%          
300   20    6       4     3922      0.0010    3926           0.10%          
300   20    6       5     3874      0.0010    3880           0.15%          
300   20    6       6     3927      0.0000    3933           0.15%          
300   20    6       7     3921      0.0005    3929           0.20%          
300   20    6       8     3914      0.0002    3920           0.15%          
300   20    6       9     3842      0.0002    3848           0.16%          
300   20    6       10    3872      0.6290    3879           0.18%          
400   2     1       1     1115      0.0020    1147           2.87%          
400   2     1       2     1113      0.0010    1226           10.15%         
400   2     1       3     1074      0.0000    1089           1.40%          
400   2     1       4     1098      0.0002    1169           6.47%          
400   2     1       5     1055      0.0000    1175           11.37%         
400   2     1       6     1100      0.0000    1159           5.36%          
400   2     1       7     1084      0.0000    1106           2.03%          
400   2     1       8     1093      0.0000    1114           1.92%          
400   2     1       9     1064      0.0001    1139           7.05%          
400   2     1       10    1085      0.0000    1137           4.79%          
400   2     2       1     2122      0.0001    2180           2.73%          
400   2     2       2     2105      0.0001    2196           4.32%          
400   2     2       3     1997      0.0010    2057           3.00%          
400   2     2       4     2105      0.0003    2332           10.78%         
400   2     2       5     2134      0.0003    2354           10.31%         
400   2     2       6     2018      0.0003    2172           7.63%          
400   2     2       7     2085      0.0002    2144           2.83%          
400   2     2       8     2054      0.0002    2216           7.89%          
400   2     2       9     2099      0.0002    2143           2.10%          
400   2     2       10    2150      0.0002    2247           4.51%          
400   2     3       1     5158      0.0002    5307           2.89%          
400   2     3       2     4805      0.0002    4983           3.70%          
400   2     3       3     5102      0.0003    5213           2.18%          
400   2     3       4     5023      0.0002    5132           2.17%          
400   2     3       5     5124      0.0030    5157           0.64%          
400   2     3       6     4954      0.0001    5094           2.83%          
400   2     3       7     5113      0.0003    5406           5.73%          
400   2     3       8     5228      0.0002    5359           2.51%          
400   2     3       9     5037      0.0000    5418           7.56%          
400   2     3       10    5080      0.0001    5220           2.76%          
400   2     4       1     1218      0.0001    1230           0.99%          
400   2     4       2     1185      0.0000    1192           0.59%          
400   2     4       3     1184      0.0000    1184           0.00%          
400   2     4       4     1199      0.0003    1200           0.08%          
400   2     4       5     1191      0.0001    1215           2.02%          
400   2     4       6     1174      0.0001    1227           4.51%          
400   2     4       7     1216      0.0001    1245           2.38%          
400   2     4       8     1183      0.0001    1285           8.62%          
400   2     4       9     1196      0.0010    1238           3.51%          
400   2     4       10    1207      0.0010    1234           2.24%          
400   2     5       1     2203      0.0010    2243           1.82%          
400   2     5       2     2182      0.0005    2333           6.92%          
400   2     5       3     2196      0.0002    2248           2.37%          
400   2     5       4     2217      0.0001    2299           3.70%          
400   2     5       5     2237      0.0002    2446           9.34%          
400   2     5       6     2232      0.0001    2292           2.69%          
400   2     5       7     2192      0.0001    2213           0.96%          
400   2     5       8     2182      0.0002    2391           9.58%          
400   2     5       9     2189      0.0001    2209           0.91%          
400   2     5       10    2176      0.0002    2340           7.54%          
400   2     6       1     5183      0.5570    5752           10.98%         
400   2     6       2     5225      0.0020    5250           0.48%          
400   2     6       3     5191      0.0010    5330           2.68%          
400   2     6       4     5206      0.0003    5226           0.38%          
400   2     6       5     5166      0.0005    5255           1.72%          
400   2     6       6     5192      0.5600    5268           1.46%          
400   2     6       7     5176      0.5470    5686           9.85%          
400   2     6       8     5244      0.0040    5279           0.67%          
400   2     6       9     5221      0.0001    5388           3.20%          
400   2     6       10    5175      0.0010    5572           7.67%          
400   5     1       1     1076      0.0000    1084           0.74%          
400   5     1       2     1074      0.0000    1077           0.28%          
400   5     1       3     1103      0.0000    1107           0.36%          
400   5     1       4     1111      0.0000    1114           0.27%          
400   5     1       5     1042      0.0000    1043           0.10%          
400   5     1       6     1151      0.0000    1159           0.70%          
400   5     1       7     1086      0.0000    1087           0.09%          
400   5     1       8     1106      0.0000    1118           1.08%          
400   5     1       9     1076      0.0000    1104           2.60%          
400   5     1       10    1126      0.0000    1128           0.18%          
400   5     2       1     2006      0.0020    2012           0.30%          
400   5     2       2     2023      0.0010    2024           0.05%          
400   5     2       3     2109      0.0001    2117           0.38%          
400   5     2       4     2149      0.0000    2154           0.23%          
400   5     2       5     2035      0.0000    2039           0.20%          
400   5     2       6     2021      0.0000    2024           0.15%          
400   5     2       7     2101      0.0000    2107           0.29%          
400   5     2       8     2053      0.0000    2057           0.19%          
400   5     2       9     2080      0.0000    2088           0.38%          
400   5     2       10    1999      0.0000    2033           1.70%          
400   5     3       1     5118      0.0000    5179           1.19%          
400   5     3       2     5038      0.0000    5078           0.79%          
400   5     3       3     4884      0.0000    4895           0.23%          
400   5     3       4     5069      0.0000    5083           0.28%          
400   5     3       5     5182      0.0000    5193           0.21%          
400   5     3       6     5092      0.0001    5130           0.75%          
400   5     3       7     5244      0.0000    5255           0.21%          
400   5     3       8     4976      0.0000    4983           0.14%          
400   5     3       9     5177      0.0000    5190           0.25%          
400   5     3       10    5265      0.0000    5304           0.74%          
400   5     4       1     1233      0.0000    1235           0.16%          
400   5     4       2     1210      0.0000    1211           0.08%          
400   5     4       3     1204      0.0000    1206           0.17%          
400   5     4       4     1211      0.0000    1214           0.25%          
400   5     4       5     1230      0.0000    1232           0.16%          
400   5     4       6     1191      0.0001    1194           0.25%          
400   5     4       7     1219      0.0000    1227           0.66%          
400   5     4       8     1217      0.0000    1220           0.25%          
400   5     4       9     1182      0.0000    1185           0.25%          
400   5     4       10    1196      0.0020    1198           0.17%          
400   5     5       1     2199      0.0010    2201           0.09%          
400   5     5       2     2222      0.0010    2225           0.14%          
400   5     5       3     2205      0.0010    2219           0.63%          
400   5     5       4     2212      0.0010    2218           0.27%          
400   5     5       5     2195      0.0010    2197           0.09%          
400   5     5       6     2216      0.0010    2221           0.23%          
400   5     5       7     2196      0.0000    2227           1.41%          
400   5     5       8     2198      0.0001    2211           0.59%          
400   5     5       9     2190      0.0003    2206           0.73%          
400   5     5       10    2159      0.0010    2162           0.14%          
400   5     6       1     5130      0.0020    5136           0.12%          
400   5     6       2     5145      0.0002    5153           0.16%          
400   5     6       3     5180      0.0010    5186           0.12%          
400   5     6       4     5230      0.0010    5274           0.84%          
400   5     6       5     5186      0.0001    5191           0.10%          
400   5     6       6     5241      0.0010    5276           0.67%          
400   5     6       7     5301      0.0000    5303           0.04%          
400   5     6       8     5252      0.0000    5262           0.19%          
400   5     6       9     5203      0.0000    5207           0.08%          
400   5     6       10    5188      0.0000    5195           0.13%          
400   10    1       1     1126      0.0000    1128           0.18%          
400   10    1       2     1099      0.0000    1101           0.18%          
400   10    1       3     1117      0.0000    1120           0.27%          
400   10    1       4     1144      0.0000    1144           0.00%          
400   10    1       5     1059      0.0010    1061           0.19%          
400   10    1       6     1093      0.0010    1095           0.18%          
400   10    1       7     1092      0.0000    1094           0.18%          
400   10    1       8     1115      0.0000    1116           0.09%          
400   10    1       9     1103      0.0000    1105           0.18%          
400   10    1       10    1137      0.0000    1139           0.18%          
400   10    2       1     2115      0.0000    2118           0.14%          
400   10    2       2     2078      0.0000    2093           0.72%          
400   10    2       3     2133      0.0000    2140           0.33%          
400   10    2       4     2101      0.0000    2107           0.29%          
400   10    2       5     2060      0.0000    2066           0.29%          
400   10    2       6     2063      0.0000    2068           0.24%          
400   10    2       7     2125      0.0000    2131           0.28%          
400   10    2       8     2121      0.0000    2125           0.19%          
400   10    2       9     2082      0.0010    2088           0.29%          
400   10    2       10    2099      0.0010    2105           0.29%          
400   10    3       1     5129      0.0001    5187           1.13%          
400   10    3       2     5156      0.0000    5165           0.17%          
400   10    3       3     4854      0.0000    4867           0.27%          
400   10    3       4     5313      0.0001    5328           0.28%          
400   10    3       5     5281      0.0001    5291           0.19%          
400   10    3       6     5032      0.0000    5045           0.26%          
400   10    3       7     4905      0.0001    4918           0.27%          
400   10    3       8     5290      0.0001    5299           0.17%          
400   10    3       9     5179      0.0000    5213           0.66%          
400   10    3       10    4980      0.0000    4993           0.26%          
400   10    4       1     1207      0.0000    1208           0.08%          
400   10    4       2     1187      0.0010    1189           0.17%          
400   10    4       3     1218      0.0010    1219           0.08%          
400   10    4       4     1189      0.0003    1193           0.34%          
400   10    4       5     1196      0.0001    1196           0.00%          
400   10    4       6     1181      0.0000    1184           0.25%          
400   10    4       7     1203      0.0000    1205           0.17%          
400   10    4       8     1209      0.0000    1209           0.00%          
400   10    4       9     1209      0.0000    1210           0.08%          
400   10    4       10    1210      0.0003    1212           0.17%          
400   10    5       1     2205      0.0000    2210           0.23%          
400   10    5       2     2254      0.0001    2256           0.09%          
400   10    5       3     2188      0.0000    2193           0.23%          
400   10    5       4     2203      0.0000    2206           0.14%          
400   10    5       5     2197      0.0010    2211           0.64%          
400   10    5       6     2212      0.0010    2225           0.59%          
400   10    5       7     2222      0.0003    2225           0.14%          
400   10    5       8     2166      0.0000    2169           0.14%          
400   10    5       9     2246      0.0000    2248           0.09%          
400   10    5       10    2224      0.4660    2238           0.63%          
400   10    6       1     5164      0.0010    5167           0.06%          
400   10    6       2     5172      0.0010    5176           0.08%          
400   10    6       3     5157      0.0000    5160           0.06%          
400   10    6       4     5175      0.0001    5203           0.54%          
400   10    6       5     5192      0.0000    5196           0.08%          
400   10    6       6     5249      0.0001    5255           0.11%          
400   10    6       7     5217      0.0000    5221           0.08%          
400   10    6       8     5244      0.0000    5245           0.02%          
400   10    6       9     5246      0.0000    5252           0.11%          
400   10    6       10    5250      0.0000    5255           0.10%          
400   15    1       1     1107      0.0000    1108           0.09%          
400   15    1       2     1075      0.0000    1079           0.37%          
400   15    1       3     1035      0.0010    1036           0.10%          
400   15    1       4     1102      0.0000    1104           0.18%          
400   15    1       5     1088      0.0000    1092           0.37%          
400   15    1       6     1118      0.0000    1119           0.09%          
400   15    1       7     1129      0.0000    1132           0.27%          
400   15    1       8     1093      0.0000    1096           0.27%          
400   15    1       9     1086      0.0000    1087           0.09%          
400   15    1       10    1074      0.0000    1075           0.09%          
400   15    2       1     2121      0.0000    2125           0.19%          
400   15    2       2     2132      0.0000    2148           0.75%          
400   15    2       3     2193      0.0000    2200           0.32%          
400   15    2       4     2143      0.0000    2147           0.19%          
400   15    2       5     2114      0.0000    2117           0.14%          
400   15    2       6     2082      0.0000    2086           0.19%          
400   15    2       7     1968      0.0000    1972           0.20%          
400   15    2       8     2080      0.0000    2085           0.24%          
400   15    2       9     2124      0.0000    2128           0.19%          
400   15    2       10    2085      0.0000    2087           0.10%          
